0 4
1 4
2 4
3 5
4 5
5 4
6 4
7 4
8 4
9 3
10 3
11 4
12 2
13 2
14 1
15 2
16 2
17 2
18 2
19 3
20 3
21 3
22 3
23 2
24 1
25 1
26 1
27 1
28 3
29 3
30 3
31 3
32 3
33 1
34 2
35 3
36 3
37 3
38 2
39 4
40 0
41 0
42 2
43 5
44 0
45 1
46 1
47 0
48 3
49 1
50 2
51 2
52 0
53 0
54 0
55 0
56 4
57 0
58 3
59 3
60 4
61 4
62 4
63 0
64 4
65 3
66 3
67 3
68 3
69 3
70 0
71 2
72 5
73 5
74 5
75 5
76 5
77 5
78 4
79 4
80 4
81 5
82 5
83 4
84 4
85 4
86 4
87 3
88 3
89 3
90 3
91 1
92 0
93 3
94 3
95 3
96 3
97 3
98 3
99 3
100 3
101 1
102 2
103 3
104 3
105 3
106 3
107 3
108 1
109 2
110 2
111 2
112 2
113 3
114 3
115 3
116 3
117 3
118 3
119 5
120 5
121 5
122 5
123 5
124 5
125 5
126 5
127 5
128 3
129 3
130 3
131 2
132 3
133 2
134 3
135 3
136 3
137 3
138 3
139 3
140 1
141 3
142 0
143 1
144 1
145 1
146 3
147 2
148 2
149 2
150 5
151 3
152 5
153 1
154 1
155 3
156 2
157 4
158 3
159 1
160 3
161 4
162 3
163 3
164 3
165 3
166 2
167 2
168 2
169 4
170 4
171 4
172 3
173 1
174 2
175 2
176 2
177 2
178 2
179 2
180 2
181 2
182 2
183 2
184 2
185 2
186 3
187 2
188 3
189 2
190 3
191 5
192 5
193 2
194 2
195 2
196 2
197 2
198 3
199 2
200 2
201 3
202 1
203 2
204 5
205 5
206 1
207 2
208 2
209 2
210 2
211 2
212 4
213 4
214 4
215 1
216 3
217 3
218 3
219 2
220 2
221 2
222 2
223 2
224 3
225 0
226 4
227 1
228 3
229 1
230 1
231 2
232 2
233 2
234 2
235 2
236 2
237 2
238 3
239 3
240 1
241 2
242 2
243 2
244 2
245 2
246 2
247 2
248 2
249 2
250 1
251 1
252 1
253 5
254 1
255 1
256 1
257 1
258 0
259 2
260 2
261 2
262 2
263 2
264 2
265 1
266 2
267 3
268 3
269 1
270 2
271 2
272 2
273 2
274 4
275 1
276 1
277 1
278 1
279 1
280 1
281 1
282 1
283 1
284 1
285 3
286 3
287 3
288 2
289 4
290 3
291 3
292 3
293 3
294 3
295 2
296 2
297 2
298 2
299 2
300 2
301 3
302 3
303 3
304 4
305 4
306 4
307 3
308 3
309 4
310 5
311 2
312 2
313 2
314 2
315 2
316 2
317 2
318 1
319 4
320 4
321 4
322 4
323 4
324 4
325 4
326 4
327 4
328 4
329 5
330 5
331 3
332 4
333 4
334 4
335 2
336 3
337 3
338 3
339 1
340 1
341 5
342 1
343 3
344 1
345 1
346 1
347 1
348 3
349 3
350 3
351 4
352 4
353 4
354 1
355 4
356 4
357 4
358 3
359 3
360 3
361 3
362 2
363 2
364 2
365 2
366 2
367 3
368 3
369 4
370 2
371 4
372 2
373 1
374 3
375 3
376 2
377 2
378 2
379 2
380 2
381 2
382 2
383 2
384 2
385 3
386 5
387 5
388 3
389 0
390 3
391 3
392 3
393 3
394 3
395 1
396 1
397 1
398 3
399 2
400 0
401 2
402 2
403 3
404 3
405 3
406 3
407 2
408 3
409 5
410 5
411 1
412 5
413 5
414 2
415 1
416 3
417 3
418 5
419 2
420 1
421 2
422 2
423 3
424 4
425 5
426 5
427 5
428 4
429 4
430 2
431 2
432 2
433 2
434 0
435 5
436 3
437 3
438 3
439 3
440 1
441 5
442 3
443 3
444 4
445 4
446 4
447 4
448 4
449 1
450 1
451 1
452 1
453 1
454 1
455 1
456 3
457 3
458 1
459 0
460 0
461 2
462 2
463 1
464 2
465 3
466 3
467 3
468 3
469 3
470 3
471 3
472 3
473 3
474 3
475 3
476 3
477 2
478 5
479 5
480 5
481 4
482 3
483 3
484 3
485 2
486 2
487 0
488 3
489 3
490 3
491 1
492 1
493 3
494 1
495 2
496 2
497 2
498 2
499 5
500 5
501 5
502 5
503 0
504 2
505 2
506 2
507 2
508 2
509 2
510 3
511 2
512 4
513 0
514 1
515 0
516 4
517 4
518 4
519 1
520 2
521 2
522 2
523 2
524 2
525 3
526 2
527 1
528 3
529 2
530 2
531 1
532 1
533 1
534 1
535 1
536 2
537 5
538 5
539 3
540 0
541 4
542 2
543 3
544 3
545 2
546 1
547 2
548 2
549 2
550 2
551 4
552 5
553 4
554 0
555 0
556 5
557 5
558 5
559 5
560 3
561 3
562 3
563 3
564 3
565 3
566 5
567 5
568 0
569 1
570 5
571 4
572 4
573 2
574 0
575 2
576 4
577 4
578 4
579 4
580 5
581 5
582 3
583 2
584 4
585 5
586 4
587 4
588 2
589 1
590 3
591 2
592 3
593 2
594 5
595 4
596 4
597 2
598 1
599 2
600 2
601 0
602 2
603 2
604 5
605 5
606 5
607 5
608 5
609 3
610 3
611 1
612 1
613 0
614 1
615 2
616 2
617 2
618 1
619 3
620 2
621 2
622 0
623 2
624 3
625 4
626 4
627 2
628 3
629 4
630 4
631 5
632 5
633 1
634 1
635 4
636 2
637 2
638 3
639 3
640 3
641 1
642 1
643 1
644 4
645 4
646 2
647 3
648 2
649 2
650 4
651 4
652 4
653 2
654 2
655 2
656 2
657 1
658 1
659 1
660 1
661 0
662 3
663 1
664 1
665 3
666 2
667 2
668 2
669 2
670 2
671 2
672 1
673 2
674 1
675 4
676 1
677 4
678 0
679 2
680 2
681 2
682 2
683 2
684 2
685 2
686 2
687 2
688 2
689 4
690 2
691 4
692 4
693 4
694 4
695 5
696 5
697 5
698 3
699 0
700 4
701 4
702 0
703 3
704 3
705 4
706 4
707 5
708 4
709 4
710 4
711 4
712 4
713 4
714 4
715 3
716 3
717 0
718 0
719 1
720 2
721 1
722 1
723 1
724 4
725 1
726 4
727 4
728 4
729 5
730 5
731 4
732 0
733 4
734 4
735 2
736 2
737 3
738 3
739 3
740 0
741 2
742 3
743 4
744 4
745 4
746 4
747 2
748 2
749 4
750 4
751 4
752 4
753 4
754 4
755 2
756 2
757 2
758 2
759 2
760 1
761 1
762 2
763 2
764 1
765 0
766 0
767 0
768 2
769 2
770 5
771 2
772 3
773 3
774 1
775 1
776 0
777 3
778 3
779 2
780 3
781 3
782 0
783 4
784 1
785 2
786 1
787 0
788 5
789 5
790 1
791 0
792 1
793 1
794 4
795 2
796 2
797 2
798 2
799 2
800 2
801 2
802 2
803 2
804 5
805 5
806 5
807 0
808 5
809 5
810 0
811 3
812 4
813 3
814 0
815 1
816 1
817 1
818 4
819 4
820 4
821 1
822 1
823 0
824 1
825 1
826 2
827 1
828 2
829 2
830 3
831 3
832 3
833 3
834 2
835 2
836 2
837 2
838 1
839 2
840 2
841 1
842 3
843 1
844 3
845 3
846 4
847 4
848 4
849 0
850 1
851 1
852 0
853 0
854 4
855 4
856 2
857 2
858 2
859 2
860 2
861 2
862 2
863 2
864 2
865 2
866 5
867 5
868 5
869 2
870 2
871 5
872 5
873 5
874 5
875 5
876 5
877 4
878 0
879 2
880 2
881 2
882 2
883 2
884 2
885 2
886 2
887 2
888 2
889 2
890 2
891 0
892 0
893 0
894 4
895 4
896 0
897 4
898 2
899 3
900 2
901 5
902 4
903 2
904 0
905 4
906 3
907 3
908 3
909 5
910 3
911 2
912 2
913 2
914 1
915 3
916 2
917 2
918 5
919 3
920 2
921 2
922 2
923 2
924 2
925 3
926 3
927 1
928 1
929 1
930 1
931 1
932 1
933 1
934 1
935 1
936 1
937 1
938 1
939 1
940 1
941 1
942 1
943 1
944 1
945 1
946 1
947 1
948 1
949 1
950 1
951 3
952 3
953 3
954 4
955 4
956 4
957 2
958 2
959 2
960 2
961 3
962 3
963 3
964 2
965 2
966 2
967 0
968 2
969 4
970 4
971 4
972 4
973 4
974 4
975 4
976 4
977 2
978 4
979 5
980 2
981 4
982 5
983 4
984 4
985 4
986 5
987 5
988 4
989 5
990 5
991 5
992 5
993 4
994 2
995 2
996 3
997 3
998 4
999 4
1000 3
1001 3
1002 0
1003 1
1004 3
1005 3
1006 0
1007 0
1008 4
1009 4
1010 4
1011 0
1012 0
1013 4
1014 5
1015 5
1016 2
1017 4
1018 5
1019 5
1020 5
1021 5
1022 3
1023 3
1024 4
1025 1
1026 4
1027 1
1028 0
1029 3
1030 5
1031 4
1032 5
1033 3
1034 1
1035 2
1036 5
1037 3
1038 4
1039 2
1040 2
1041 5
1042 5
1043 2
1044 2
1045 5
1046 3
1047 5
1048 5
1049 5
1050 1
1051 2
1052 2
1053 5
1054 1
1055 5
1056 2
1057 2
1058 5
1059 5
1060 4
1061 4
1062 4
1063 3
1064 3
1065 4
1066 3
1067 4
1068 5
1069 5
1070 2
1071 2
1072 2
1073 2
1074 4
1075 5
1076 5
1077 3
1078 3
1079 3
1080 3
1081 3
1082 3
1083 3
1084 5
1085 4
1086 4
1087 2
1088 2
1089 2
1090 2
1091 2
1092 2
1093 2
1094 2
1095 2
1096 2
1097 2
1098 2
1099 2
1100 2
1101 2
1102 2
1103 0
1104 0
1105 5
1106 5
1107 4
1108 4
1109 1
1110 1
1111 2
1112 5
1113 5
1114 2
1115 2
1116 3
1117 2
1118 4
1119 2
1120 2
1121 2
1122 3
1123 1
1124 3
1125 3
1126 3
1127 3
1128 3
1129 4
1130 3
1131 1
1132 1
1133 4
1134 2
1135 1
1136 1
1137 4
1138 4
1139 4
1140 4
1141 4
1142 4
1143 5
1144 4
1145 4
1146 4
1147 4
1148 4
1149 4
1150 2
1151 4
1152 4
1153 2
1154 2
1155 2
1156 2
1157 2
1158 2
1159 2
1160 2
1161 2
1162 2
1163 2
1164 2
1165 2
1166 2
1167 2
1168 2
1169 2
1170 2
1171 2
1172 2
1173 3
1174 2
1175 2
1176 2
1177 2
1178 2
1179 2
1180 2
1181 2
1182 3
1183 2
1184 2
1185 2
1186 2
1187 2
1188 2
1189 2
1190 3
1191 2
1192 2
1193 2
1194 2
1195 1
1196 0
1197 5
1198 4
1199 4
1200 4
1201 4
1202 4
1203 4
1204 0
1205 1
1206 3
1207 3
1208 3
1209 2
1210 4
1211 1
1212 4
1213 4
1214 4
1215 4
1216 4
1217 4
1218 5
1219 5
1220 2
1221 2
1222 4
1223 4
1224 4
1225 4
1226 4
1227 4
1228 2
1229 2
1230 2
1231 3
1232 3
1233 3
1234 3
1235 3
1236 2
1237 1
1238 1
1239 1
1240 1
1241 1
1242 1
1243 0
1244 1
1245 1
1246 0
1247 5
1248 5
1249 5
1250 4
1251 4
1252 2
1253 2
1254 2
1255 2
1256 2
1257 2
1258 3
1259 3
1260 3
1261 3
1262 3
1263 1
1264 3
1265 3
1266 2
1267 2
1268 0
1269 0
1270 3
1271 3
1272 2
1273 3
1274 3
1275 3
1276 3
1277 3
1278 2
1279 2
1280 2
1281 2
1282 2
1283 2
1284 4
1285 5
1286 3
1287 3
1288 3
1289 3
1290 2
1291 2
1292 3
1293 3
1294 3
1295 4
1296 4
1297 2
1298 1
1299 2
1300 5
1301 2
1302 2
1303 2
1304 2
1305 3
1306 1
1307 3
1308 5
1309 5
1310 5
1311 2
1312 2
1313 3
1314 3
1315 4
1316 2
1317 2
1318 2
1319 5
1320 1
1321 1
1322 2
1323 2
1324 4
1325 4
1326 4
1327 4
1328 0
1329 3
1330 3
1331 3
1332 3
1333 3
1334 4
1335 4
1336 4
1337 2
1338 4
1339 4
1340 4
1341 4
1342 1
1343 4
1344 4
1345 4
1346 4
1347 1
1348 4
1349 4
1350 4
1351 1
1352 1
1353 1
1354 2
1355 4
1356 5
1357 4
1358 4
1359 4
1360 4
1361 4
1362 4
1363 4
1364 4
1365 4
1366 4
1367 2
1368 4
1369 4
1370 1
1371 3
1372 2
1373 1
1374 4
1375 1
1376 4
1377 1
1378 1
1379 1
1380 4
1381 4
1382 4
1383 4
1384 2
1385 4
1386 4
1387 0
1388 4
1389 5
1390 5
1391 5
1392 3
1393 4
1394 4
1395 2
1396 2
1397 2
1398 2
1399 2
1400 5
1401 5
1402 2
1403 2
1404 3
1405 3
1406 3
1407 2
1408 4
1409 2
1410 3
1411 3
1412 4
1413 0
1414 5
1415 4
1416 4
1417 4
1418 1
1419 4
1420 2
1421 5
1422 5
1423 5
1424 5
1425 5
1426 2
1427 1
1428 1
1429 3
1430 3
1431 2
1432 3
1433 3
1434 3
1435 5
1436 5
1437 1
1438 5
1439 2
1440 2
1441 2
1442 4
1443 3
1444 3
1445 5
1446 5
1447 5
1448 0
1449 5
1450 5
1451 4
1452 4
1453 2
1454 3
1455 0
1456 2
1457 2
1458 3
1459 1
1460 3
1461 3
1462 3
1463 1
1464 0
1465 1
1466 1
1467 0
1468 0
1469 0
1470 3
1471 1
1472 1
1473 2
1474 2
1475 2
1476 2
1477 2
1478 3
1479 2
1480 2
1481 2
1482 3
1483 3
1484 2
1485 4
1486 4
1487 4
1488 4
1489 1
1490 4
1491 2
1492 5
1493 1
1494 1
1495 2
1496 2
1497 2
1498 2
1499 3
1500 2
1501 0
1502 5
1503 4
1504 2
1505 2
1506 2
1507 2
1508 5
1509 4
1510 4
1511 2
1512 1
1513 1
1514 4
1515 4
1516 4
1517 5
1518 5
1519 1
1520 5
1521 5
1522 5
1523 3
1524 4
1525 1
1526 1
1527 2
1528 1
1529 4
1530 4
1531 4
1532 3
1533 4
1534 2
1535 4
1536 2
1537 4
1538 3
1539 4
1540 5
1541 2
1542 2
1543 3
1544 3
1545 3
1546 3
1547 5
1548 5
1549 5
1550 5
1551 5
1552 5
1553 2
1554 4
1555 4
1556 4
1557 4
1558 0
1559 1
1560 5
1561 5
1562 2
1563 2
1564 2
1565 2
1566 4
1567 2
1568 2
1569 4
1570 4
1571 4
1572 4
1573 4
1574 0
1575 3
1576 4
1577 4
1578 4
1579 4
1580 1
1581 1
1582 1
1583 4
1584 3
1585 5
1586 5
1587 5
1588 1
1589 1
1590 0
1591 1
1592 1
1593 1
1594 1
1595 3
1596 4
1597 4
1598 4
1599 4
1600 4
1601 4
1602 4
1603 4
1604 4
1605 4
1606 0
1607 2
1608 2
1609 2
1610 2
1611 4
1612 4
1613 4
1614 2
1615 2
1616 4
1617 1
1618 5
1619 5
1620 2
1621 0
1622 1
1623 5
1624 3
1625 2
1626 2
1627 2
1628 2
1629 4
1630 4
1631 4
1632 4
1633 4
1634 5
1635 3
1636 3
1637 4
1638 4
1639 4
1640 4
1641 4
1642 4
1643 4
1644 4
1645 4
1646 4
1647 5
1648 5
1649 5
1650 4
1651 1
1652 5
1653 5
1654 1
1655 2
1656 4
1657 3
1658 0
1659 4
1660 1
1661 1
1662 4
1663 5
1664 5
1665 5
1666 3
1667 2
1668 4
1669 4
1670 4
1671 3
1672 3
1673 4
1674 3
1675 3
1676 4
1677 5
1678 2
1679 1
1680 1
1681 5
1682 5
1683 2
1684 1
1685 5
1686 4
1687 4
1688 1
1689 1
1690 5
1691 1
1692 1
1693 1
1694 1
1695 1
1696 0
1697 1
1698 2
1699 1
1700 5
1701 5
1702 5
1703 5
1704 2
1705 2
1706 2
1707 2
1708 0
1709 1
1710 0
1711 1
1712 2
1713 1
1714 5
1715 5
1716 4
1717 5
1718 2
1719 2
1720 3
1721 2
1722 5
1723 3
1724 3
1725 3
1726 5
1727 5
1728 5
1729 5
1730 2
1731 4
1732 1
1733 5
1734 5
1735 5
1736 5
1737 5
1738 5
1739 1
1740 5
1741 2
1742 2
1743 5
1744 1
1745 4
1746 4
1747 4
1748 5
1749 2
1750 4
1751 4
1752 4
1753 4
1754 5
1755 4
1756 4
1757 2
1758 0
1759 4
1760 4
1761 5
1762 4
1763 2
1764 4
1765 4
1766 4
1767 3
1768 3
1769 2
1770 2
1771 3
1772 5
1773 5
1774 2
1775 2
1776 0
1777 4
1778 0
1779 1
1780 3
1781 4
1782 5
1783 2
1784 4
1785 4
1786 2
1787 1
1788 5
1789 3
1790 3
1791 3
1792 3
1793 4
1794 4
1795 4
1796 4
1797 4
1798 4
1799 2
1800 2
1801 2
1802 2
1803 1
1804 1
1805 5
1806 1
1807 3
1808 5
1809 4
1810 2
1811 1
1812 5
1813 5
1814 5
1815 4
1816 1
1817 3
1818 3
1819 2
1820 5
1821 5
1822 4
1823 5
1824 5
1825 0
1826 4
1827 0
1828 3
1829 3
1830 3
1831 3
1832 1
1833 1
1834 4
1835 4
1836 3
1837 3
1838 3
1839 3
1840 2
1841 4
1842 5
1843 5
1844 5
1845 5
1846 4
1847 4
1848 5
1849 5
1850 1
1851 1
1852 5
1853 5
1854 5
1855 4
1856 5
1857 1
1858 2
1859 1
1860 4
1861 4
1862 4
1863 3
1864 2
1865 3
1866 3
1867 1
1868 1
1869 4
1870 4
1871 1
1872 5
1873 5
1874 5
1875 5
1876 5
1877 5
1878 5
1879 5
1880 5
1881 0
1882 5
1883 5
1884 5
1885 1
1886 5
1887 2
1888 1
1889 1
1890 1
1891 1
1892 5
1893 3
1894 5
1895 5
1896 4
1897 4
1898 4
1899 4
1900 5
1901 1
1902 4
1903 4
1904 2
1905 5
1906 5
1907 1
1908 1
1909 4
1910 0
1911 2
1912 5
1913 1
1914 4
1915 4
1916 4
1917 4
1918 4
1919 4
1920 4
1921 4
1922 4
1923 4
1924 4
1925 4
1926 4
1927 4
1928 4
1929 4
1930 4
1931 4
1932 4
1933 4
1934 0
1935 0
1936 4
1937 4
1938 4
1939 0
1940 4
1941 2
1942 5
1943 0
1944 5
1945 2
1946 2
1947 5
1948 1
1949 1
1950 4
1951 4
1952 0
1953 5
1954 4
1955 3
1956 3
1957 1
1958 1
1959 4
1960 4
1961 4
1962 4
1963 3
1964 1
1965 1
1966 1
1967 1
1968 1
1969 1
1970 1
1971 1
1972 3
1973 2
1974 4
1975 3
1976 3
1977 4
1978 4
1979 5
1980 1
1981 1
1982 1
1983 2
1984 2
1985 3
1986 5
1987 5
1988 5
1989 5
1990 5
1991 5
1992 0
1993 5
1994 1
1995 3
1996 3
1997 2
1998 1
1999 1
2000 2
2001 4
2002 4
2003 5
2004 1
2005 1
2006 2
2007 3
2008 4
2009 3
2010 0
2011 2
2012 5
2013 0
2014 3
2015 3
2016 3
2017 5
2018 5
2019 5
2020 5
2021 5
2022 0
2023 3
2024 5
2025 5
2026 5
2027 3
2028 3
2029 2
2030 5
2031 3
2032 4
2033 2
2034 2
2035 4
2036 1
2037 1
2038 4
2039 5
2040 5
2041 4
2042 2
2043 4
2044 1
2045 2
2046 3
2047 0
2048 4
2049 5
2050 5
2051 4
2052 2
2053 1
2054 2
2055 4
2056 3
2057 4
2058 0
2059 4
2060 4
2061 5
2062 4
2063 4
2064 4
2065 4
2066 5
2067 1
2068 2
2069 3
2070 4
2071 5
2072 3
2073 0
2074 3
2075 2
2076 3
2077 1
2078 0
2079 1
2080 1
2081 1
2082 1
2083 3
2084 5
2085 5
2086 5
2087 2
2088 1
2089 4
2090 4
2091 4
2092 4
2093 4
2094 4
2095 4
2096 4
2097 0
2098 5
2099 4
2100 3
2101 3
2102 2
2103 2
2104 3
2105 3
2106 3
2107 1
2108 2
2109 5
