0 2
1 2
2 3
3 2
4 2
5 2
6 2
7 2
8 2
9 2
10 2
11 2
12 2
13 2
14 2
15 3
16 2
17 0
18 2
19 2
20 2
21 2
22 2
23 2
24 2
25 2
26 2
27 2
28 2
29 2
30 2
31 2
32 2
33 2
34 2
35 2
36 2
37 2
38 2
39 2
40 2
41 2
42 2
43 2
44 2
45 2
46 2
47 2
48 2
49 2
50 2
51 2
52 2
53 2
54 2
55 1
56 2
57 2
58 2
59 2
60 2
61 3
62 2
63 2
64 2
65 2
66 5
67 1
68 2
69 2
70 2
71 2
72 2
73 2
74 2
75 3
76 2
77 2
78 2
79 2
80 2
81 2
82 2
83 0
84 1
85 2
86 2
87 2
88 2
89 2
90 2
91 2
92 2
93 2
94 2
95 2
96 2
97 2
98 2
99 2
100 2
101 2
102 2
103 2
104 3
105 2
106 2
107 2
108 2
109 2
110 2
111 2
112 2
113 2
114 2
115 2
116 2
117 2
118 2
119 2
120 2
121 2
122 2
123 2
124 2
125 2
126 2
127 2
128 2
129 2
130 2
131 2
132 2
133 2
134 2
135 2
136 2
137 2
138 2
139 2
140 2
141 2
142 2
143 2
144 2
145 2
146 2
147 2
148 2
149 2
150 2
151 2
152 2
153 2
154 2
155 2
156 2
157 2
158 5
159 2
160 2
161 2
162 1
163 2
164 2
165 2
166 2
167 2
168 2
169 2
170 1
171 1
172 1
173 1
174 1
175 1
176 1
177 1
178 1
179 1
180 1
181 3
182 1
183 1
184 1
185 1
186 1
187 1
188 4
189 1
190 1
191 1
192 1
193 1
194 1
195 1
196 1
197 1
198 1
199 1
200 1
201 1
202 1
203 1
204 1
205 1
206 1
207 1
208 1
209 1
210 1
211 1
212 1
213 1
214 4
215 4
216 1
217 4
218 1
219 1
220 1
221 1
222 1
223 1
224 1
225 1
226 1
227 1
228 1
229 1
230 1
231 6
232 3
233 5
234 5
235 3
236 5
237 5
238 4
239 4
240 4
241 4
242 4
243 4
244 5
245 1
246 1
247 1
248 1
249 1
250 3
251 5
252 2
253 1
254 0
255 3
256 3
257 0
258 5
259 2
260 1
261 1
262 1
263 1
264 2
265 3
266 3
267 3
268 3
269 3
270 3
271 3
272 3
273 3
274 3
275 3
276 3
277 3
278 3
279 3
280 3
281 3
282 3
283 3
284 3
285 3
286 3
287 4
288 3
289 3
290 3
291 3
292 3
293 3
294 3
295 3
296 3
297 3
298 3
299 3
300 3
301 2
302 3
303 3
304 3
305 3
306 3
307 3
308 3
309 5
310 5
311 5
312 5
313 5
314 5
315 5
316 5
317 5
318 5
319 5
320 5
321 5
322 5
323 5
324 2
325 2
326 2
327 2
328 2
329 2
330 2
331 1
332 2
333 3
334 3
335 0
336 3
337 1
338 0
339 0
340 0
341 0
342 0
343 5
344 0
345 3
346 5
347 0
348 0
349 0
350 0
351 0
352 6
353 0
354 3
355 6
356 5
357 0
358 0
359 2
360 6
361 6
362 0
363 3
364 6
365 0
366 0
367 6
368 6
369 0
370 6
371 6
372 5
373 3
374 3
375 3
376 1
377 3
378 3
379 3
380 3
381 3
382 3
383 0
384 3
385 1
386 3
387 3
388 3
389 3
390 3
391 3
392 3
393 1
394 3
395 3
396 3
397 3
398 3
399 3
400 3
401 3
402 0
403 3
404 3
405 3
406 3
407 3
408 3
409 3
410 3
411 1
412 3
413 3
414 3
415 3
416 3
417 3
418 3
419 3
420 3
421 3
422 3
423 1
424 3
425 3
426 3
427 3
428 3
429 3
430 3
431 3
432 3
433 3
434 3
435 3
436 3
437 3
438 3
439 3
440 3
441 3
442 5
443 5
444 5
445 5
446 5
447 5
448 5
449 5
450 6
451 5
452 5
453 5
454 5
455 5
456 5
457 5
458 2
459 2
460 2
461 2
462 2
463 4
464 4
465 4
466 4
467 0
468 3
469 6
470 3
471 2
472 2
473 4
474 4
475 5
476 5
477 5
478 5
479 5
480 5
481 5
482 5
483 5
484 5
485 5
486 5
487 5
488 5
489 5
490 6
491 6
492 6
493 6
494 5
495 5
496 5
497 5
498 5
499 5
500 5
501 4
502 0
503 0
504 3
505 4
506 4
507 4
508 4
509 0
510 4
511 0
512 4
513 5
514 4
515 0
516 0
517 0
518 0
519 0
520 5
521 5
522 0
523 0
524 6
525 6
526 6
527 6
528 6
529 6
530 6
531 6
532 6
533 6
534 6
535 6
536 6
537 6
538 6
539 6
540 6
541 6
542 6
543 0
544 6
545 6
546 6
547 0
548 0
549 0
550 0
551 0
552 0
553 0
554 0
555 0
556 0
557 3
558 0
559 0
560 0
561 0
562 0
563 0
564 0
565 0
566 3
567 0
568 3
569 0
570 0
571 0
572 0
573 0
574 0
575 3
576 3
577 3
578 3
579 4
580 3
581 3
582 3
583 3
584 3
585 3
586 4
587 3
588 3
589 3
590 3
591 3
592 3
593 3
594 3
595 3
596 3
597 3
598 3
599 3
600 3
601 3
602 3
603 3
604 3
605 3
606 3
607 3
608 3
609 3
610 3
611 3
612 3
613 3
614 3
615 3
616 3
617 3
618 3
619 3
620 3
621 3
622 3
623 3
624 3
625 3
626 3
627 3
628 3
629 5
630 5
631 5
632 5
633 5
634 5
635 3
636 3
637 5
638 5
639 5
640 5
641 5
642 5
643 5
644 5
645 5
646 5
647 5
648 5
649 5
650 4
651 4
652 4
653 4
654 4
655 4
656 3
657 4
658 4
659 4
660 4
661 4
662 4
663 4
664 4
665 4
666 4
667 4
668 0
669 4
670 6
671 0
672 6
673 6
674 5
675 0
676 0
677 0
678 6
679 6
680 5
681 5
682 6
683 6
684 5
685 6
686 3
687 3
688 5
689 5
690 3
691 5
692 5
693 5
694 5
695 0
696 5
697 5
698 5
699 5
700 5
701 0
702 5
703 5
704 0
705 4
706 4
707 4
708 4
709 0
710 3
711 3
712 3
713 3
714 2
715 3
716 3
717 2
718 1
719 3
720 3
721 3
722 3
723 3
724 3
725 3
726 3
727 3
728 3
729 1
730 3
731 3
732 4
733 3
734 3
735 3
736 5
737 3
738 3
739 3
740 1
741 4
742 4
743 3
744 3
745 3
746 4
747 1
748 3
749 2
750 3
751 3
752 2
753 3
754 3
755 3
756 0
757 0
758 5
759 5
760 3
761 5
762 3
763 6
764 0
765 6
766 3
767 0
768 3
769 4
770 3
771 0
772 5
773 5
774 0
775 0
776 6
777 0
778 5
779 0
780 0
781 5
782 4
783 0
784 0
785 0
786 0
787 4
788 0
789 6
790 0
791 5
792 5
793 0
794 0
795 5
796 1
797 3
798 3
799 0
800 3
801 5
802 5
803 5
804 6
805 5
806 0
807 4
808 4
809 3
810 3
811 3
812 4
813 4
814 4
815 3
816 3
817 4
818 3
819 3
820 3
821 3
822 4
823 3
824 3
825 3
826 3
827 1
828 3
829 4
830 3
831 3
832 3
833 3
834 3
835 3
836 4
837 4
838 4
839 4
840 3
841 4
842 0
843 4
844 0
845 4
846 4
847 0
848 1
849 1
850 1
851 3
852 1
853 0
854 1
855 1
856 1
857 0
858 0
859 6
860 6
861 6
862 6
863 6
864 6
865 6
866 6
867 0
868 0
869 0
870 0
871 3
872 0
873 4
874 0
875 0
876 0
877 0
878 0
879 0
880 0
881 0
882 0
883 5
884 5
885 5
886 5
887 5
888 5
889 5
890 4
891 4
892 4
893 4
894 4
895 0
896 3
897 3
898 3
899 3
900 3
901 3
902 3
903 3
904 3
905 3
906 3
907 5
908 5
909 5
910 5
911 0
912 0
913 0
914 2
915 0
916 0
917 0
918 0
919 3
920 3
921 3
922 3
923 3
924 1
925 1
926 3
927 1
928 1
929 1
930 1
931 2
932 1
933 1
934 1
935 1
936 3
937 1
938 3
939 1
940 1
941 1
942 1
943 5
944 1
945 1
946 1
947 3
948 2
949 1
950 1
951 1
952 1
953 1
954 1
955 1
956 1
957 1
958 1
959 1
960 1
961 1
962 1
963 1
964 1
965 1
966 1
967 0
968 1
969 3
970 1
971 1
972 1
973 3
974 1
975 1
976 5
977 1
978 1
979 1
980 1
981 1
982 0
983 0
984 4
985 0
986 0
987 0
988 0
989 5
990 5
991 5
992 5
993 5
994 5
995 5
996 5
997 5
998 5
999 5
1000 0
1001 5
1002 3
1003 5
1004 5
1005 3
1006 1
1007 1
1008 1
1009 1
1010 1
1011 0
1012 3
1013 6
1014 6
1015 6
1016 0
1017 5
1018 0
1019 0
1020 6
1021 6
1022 2
1023 5
1024 5
1025 3
1026 3
1027 3
1028 3
1029 0
1030 3
1031 3
1032 3
1033 3
1034 4
1035 4
1036 4
1037 3
1038 4
1039 4
1040 4
1041 4
1042 4
1043 4
1044 4
1045 4
1046 4
1047 4
1048 4
1049 3
1050 3
1051 3
1052 3
1053 4
1054 3
1055 3
1056 3
1057 3
1058 3
1059 4
1060 3
1061 3
1062 4
1063 4
1064 4
1065 4
1066 4
1067 6
1068 6
1069 6
1070 6
1071 0
1072 0
1073 6
1074 0
1075 0
1076 6
1077 6
1078 6
1079 6
1080 6
1081 0
1082 0
1083 1
1084 3
1085 0
1086 0
1087 3
1088 3
1089 3
1090 3
1091 3
1092 1
1093 1
1094 1
1095 1
1096 3
1097 3
1098 3
1099 3
1100 3
1101 3
1102 3
1103 3
1104 3
1105 3
1106 0
1107 0
1108 0
1109 6
1110 0
1111 6
1112 3
1113 0
1114 4
1115 6
1116 6
1117 6
1118 3
1119 0
1120 6
1121 6
1122 5
1123 0
1124 3
1125 3
1126 3
1127 3
1128 3
1129 3
1130 3
1131 6
1132 0
1133 6
1134 0
1135 5
1136 4
1137 4
1138 6
1139 5
1140 0
1141 5
1142 5
1143 2
1144 2
1145 2
1146 2
1147 1
1148 2
1149 1
1150 2
1151 2
1152 2
1153 2
1154 2
1155 2
1156 1
1157 0
1158 0
1159 0
1160 0
1161 4
1162 4
1163 4
1164 2
1165 3
1166 3
1167 3
1168 0
1169 0
1170 0
1171 4
1172 0
1173 5
1174 3
1175 5
1176 0
1177 0
1178 0
1179 0
1180 0
1181 0
1182 0
1183 0
1184 0
1185 0
1186 0
1187 5
1188 5
1189 5
1190 5
1191 5
1192 5
1193 5
1194 5
1195 5
1196 5
1197 5
1198 5
1199 3
1200 3
1201 0
1202 3
1203 3
1204 3
1205 3
1206 3
1207 3
1208 3
1209 3
1210 5
1211 3
1212 1
1213 5
1214 5
1215 0
1216 5
1217 6
1218 3
1219 3
1220 0
1221 0
1222 6
1223 0
1224 6
1225 5
1226 0
1227 0
1228 0
1229 0
1230 0
1231 0
1232 0
1233 0
1234 0
1235 0
1236 0
1237 0
1238 0
1239 0
1240 0
1241 0
1242 0
1243 0
1244 0
1245 0
1246 0
1247 0
1248 4
1249 0
1250 0
1251 0
1252 0
1253 0
1254 0
1255 0
1256 0
1257 0
1258 0
1259 0
1260 0
1261 0
1262 3
1263 3
1264 3
1265 3
1266 3
1267 3
1268 3
1269 3
1270 3
1271 3
1272 3
1273 0
1274 0
1275 0
1276 0
1277 0
1278 3
1279 1
1280 2
1281 2
1282 2
1283 2
1284 2
1285 2
1286 2
1287 2
1288 2
1289 5
1290 2
1291 3
1292 3
1293 1
1294 1
1295 1
1296 1
1297 3
1298 3
1299 1
1300 0
1301 3
1302 1
1303 4
1304 3
1305 3
1306 3
1307 3
1308 3
1309 3
1310 3
1311 3
1312 3
1313 6
1314 6
1315 1
1316 1
1317 1
1318 0
1319 0
1320 2
1321 2
1322 2
1323 2
1324 2
1325 3
1326 3
1327 4
1328 4
1329 5
1330 5
1331 5
1332 5
1333 6
1334 5
1335 5
1336 6
1337 5
1338 3
1339 0
1340 0
1341 3
1342 3
1343 3
1344 0
1345 0
1346 0
1347 0
1348 0
1349 0
1350 0
1351 2
1352 5
1353 5
1354 5
1355 5
1356 5
1357 4
1358 4
1359 4
1360 4
1361 4
1362 4
1363 4
1364 4
1365 4
1366 4
1367 3
1368 3
1369 3
1370 3
1371 3
1372 3
1373 3
1374 3
1375 3
1376 0
1377 3
1378 3
1379 3
1380 3
1381 3
1382 3
1383 4
1384 4
1385 4
1386 4
1387 4
1388 4
1389 4
1390 4
1391 4
1392 4
1393 4
1394 4
1395 4
1396 4
1397 4
1398 1
1399 4
1400 1
1401 1
1402 4
1403 4
1404 3
1405 2
1406 1
1407 2
1408 2
1409 5
1410 1
1411 3
1412 3
1413 3
1414 3
1415 3
1416 6
1417 4
1418 4
1419 4
1420 4
1421 4
1422 4
1423 4
1424 4
1425 4
1426 4
1427 4
1428 4
1429 4
1430 4
1431 0
1432 4
1433 4
1434 0
1435 4
1436 4
1437 4
1438 5
1439 1
1440 1
1441 1
1442 1
1443 2
1444 2
1445 2
1446 0
1447 0
1448 0
1449 0
1450 0
1451 3
1452 3
1453 3
1454 3
1455 2
1456 3
1457 3
1458 3
1459 3
1460 3
1461 3
1462 3
1463 0
1464 5
1465 5
1466 5
1467 5
1468 5
1469 5
1470 5
1471 5
1472 5
1473 5
1474 5
1475 5
1476 5
1477 5
1478 5
1479 5
1480 5
1481 5
1482 5
1483 0
1484 5
1485 5
1486 5
1487 5
1488 5
1489 3
1490 3
1491 0
1492 3
1493 0
1494 0
1495 0
1496 6
1497 6
1498 4
1499 4
1500 4
1501 4
1502 4
1503 4
1504 0
1505 2
1506 2
1507 2
1508 2
1509 2
1510 2
1511 2
1512 2
1513 2
1514 5
1515 5
1516 5
1517 0
1518 0
1519 5
1520 5
1521 0
1522 3
1523 3
1524 3
1525 5
1526 5
1527 5
1528 5
1529 0
1530 5
1531 5
1532 4
1533 4
1534 4
1535 4
1536 4
1537 4
1538 4
1539 4
1540 0
1541 4
1542 4
1543 3
1544 6
1545 0
1546 0
1547 4
1548 0
1549 4
1550 3
1551 3
1552 3
1553 4
1554 4
1555 4
1556 1
1557 0
1558 3
1559 3
1560 3
1561 3
1562 3
1563 3
1564 3
1565 3
1566 3
1567 0
1568 3
1569 3
1570 4
1571 4
1572 3
1573 3
1574 3
1575 3
1576 4
1577 3
1578 3
1579 2
1580 3
1581 3
1582 4
1583 0
1584 5
1585 3
1586 3
1587 3
1588 3
1589 0
1590 0
1591 0
1592 0
1593 0
1594 0
1595 0
1596 3
1597 2
1598 3
1599 3
1600 3
1601 3
1602 6
1603 3
1604 3
1605 3
1606 3
1607 1
1608 1
1609 3
1610 3
1611 0
1612 0
1613 1
1614 4
1615 1
1616 5
1617 5
1618 1
1619 3
1620 2
1621 2
1622 1
1623 1
1624 1
1625 1
1626 1
1627 1
1628 1
1629 1
1630 1
1631 1
1632 1
1633 0
1634 3
1635 1
1636 1
1637 0
1638 0
1639 0
1640 2
1641 2
1642 4
1643 4
1644 4
1645 5
1646 3
1647 3
1648 3
1649 3
1650 3
1651 3
1652 3
1653 4
1654 3
1655 5
1656 3
1657 0
1658 0
1659 3
1660 3
1661 3
1662 3
1663 3
1664 0
1665 3
1666 3
1667 3
1668 3
1669 3
1670 3
1671 4
1672 4
1673 4
1674 4
1675 4
1676 4
1677 4
1678 4
1679 4
1680 4
1681 4
1682 3
1683 3
1684 4
1685 0
1686 4
1687 3
1688 3
1689 3
1690 3
1691 3
1692 2
1693 3
1694 0
1695 0
1696 0
1697 3
1698 4
1699 4
1700 5
1701 0
1702 0
1703 3
1704 3
1705 3
1706 3
1707 3
1708 3
1709 3
1710 2
1711 2
1712 3
1713 3
1714 3
1715 3
1716 3
1717 3
1718 3
1719 3
1720 3
1721 3
1722 3
1723 3
1724 3
1725 2
1726 2
1727 3
1728 3
1729 3
1730 5
1731 5
1732 4
1733 4
1734 4
1735 4
1736 2
1737 3
1738 3
1739 3
1740 1
1741 1
1742 0
1743 4
1744 4
1745 4
1746 3
1747 4
1748 4
1749 0
1750 0
1751 4
1752 4
1753 4
1754 4
1755 4
1756 4
1757 4
1758 5
1759 0
1760 0
1761 4
1762 2
1763 2
1764 2
1765 2
1766 2
1767 2
1768 2
1769 2
1770 2
1771 4
1772 4
1773 4
1774 4
1775 4
1776 4
1777 5
1778 6
1779 6
1780 6
1781 6
1782 6
1783 6
1784 6
1785 6
1786 6
1787 3
1788 3
1789 4
1790 4
1791 4
1792 4
1793 4
1794 4
1795 4
1796 4
1797 4
1798 4
1799 3
1800 1
1801 3
1802 0
1803 4
1804 3
1805 3
1806 5
1807 5
1808 0
1809 2
1810 2
1811 2
1812 3
1813 3
1814 3
1815 0
1816 0
1817 2
1818 3
1819 3
1820 3
1821 6
1822 6
1823 2
1824 3
1825 3
1826 2
1827 4
1828 4
1829 0
1830 3
1831 0
1832 0
1833 3
1834 3
1835 1
1836 3
1837 2
1838 2
1839 6
1840 0
1841 0
1842 6
1843 0
1844 0
1845 0
1846 0
1847 3
1848 3
1849 3
1850 5
1851 5
1852 3
1853 1
1854 1
1855 2
1856 2
1857 2
1858 2
1859 3
1860 3
1861 4
1862 3
1863 3
1864 3
1865 3
1866 4
1867 4
1868 4
1869 4
1870 3
1871 3
1872 4
1873 0
1874 2
1875 2
1876 2
1877 2
1878 2
1879 2
1880 2
1881 2
1882 2
1883 2
1884 2
1885 2
1886 2
1887 2
1888 2
1889 2
1890 2
1891 2
1892 2
1893 0
1894 5
1895 5
1896 2
1897 5
1898 5
1899 1
1900 2
1901 2
1902 0
1903 3
1904 5
1905 2
1906 2
1907 2
1908 3
1909 3
1910 2
1911 2
1912 2
1913 0
1914 2
1915 3
1916 3
1917 2
1918 2
1919 6
1920 6
1921 6
1922 2
1923 3
1924 2
1925 2
1926 2
1927 2
1928 3
1929 5
1930 4
1931 3
1932 3
1933 6
1934 5
1935 6
1936 5
1937 0
1938 4
1939 4
1940 4
1941 4
1942 4
1943 4
1944 4
1945 4
1946 0
1947 2
1948 2
1949 6
1950 6
1951 0
1952 3
1953 0
1954 0
1955 0
1956 0
1957 3
1958 3
1959 2
1960 2
1961 1
1962 3
1963 0
1964 4
1965 4
1966 4
1967 4
1968 5
1969 5
1970 3
1971 3
1972 3
1973 3
1974 5
1975 1
1976 2
1977 2
1978 3
1979 4
1980 3
1981 3
1982 3
1983 1
1984 6
1985 4
1986 4
1987 4
1988 4
1989 4
1990 5
1991 5
1992 3
1993 4
1994 4
1995 3
1996 5
1997 5
1998 5
1999 3
2000 3
2001 3
2002 1
2003 1
2004 6
2005 6
2006 3
2007 3
2008 0
2009 0
2010 4
2011 4
2012 4
2013 4
2014 3
2015 2
2016 3
2017 3
2018 3
2019 4
2020 4
2021 4
2022 3
2023 3
2024 5
2025 5
2026 2
2027 2
2028 2
2029 2
2030 2
2031 3
2032 3
2033 0
2034 2
2035 0
2036 3
2037 3
2038 2
2039 3
2040 0
2041 1
2042 3
2043 4
2044 5
2045 5
2046 4
2047 3
2048 0
2049 0
2050 4
2051 4
2052 4
2053 0
2054 3
2055 3
2056 3
2057 3
2058 3
2059 0
2060 3
2061 2
2062 2
2063 2
2064 5
2065 1
2066 1
2067 1
2068 5
2069 5
2070 2
2071 2
2072 2
2073 3
2074 3
2075 5
2076 5
2077 0
2078 2
2079 3
2080 3
2081 2
2082 2
2083 5
2084 5
2085 4
2086 4
2087 4
2088 3
2089 3
2090 4
2091 3
2092 2
2093 2
2094 4
2095 4
2096 4
2097 4
2098 4
2099 2
2100 5
2101 5
2102 5
2103 0
2104 2
2105 5
2106 5
2107 3
2108 3
2109 1
2110 3
2111 0
2112 2
2113 3
2114 3
2115 3
2116 3
2117 3
2118 4
2119 4
2120 4
2121 4
2122 4
2123 4
2124 4
2125 4
2126 3
2127 3
2128 3
2129 0
2130 0
2131 5
2132 5
2133 3
2134 3
2135 3
2136 3
2137 0
2138 3
2139 3
2140 1
2141 2
2142 2
2143 2
2144 2
2145 4
2146 4
2147 4
2148 3
2149 3
2150 5
2151 0
2152 6
2153 6
2154 0
2155 4
2156 4
2157 3
2158 3
2159 0
2160 3
2161 3
2162 2
2163 2
2164 3
2165 5
2166 4
2167 2
2168 3
2169 2
2170 2
2171 2
2172 1
2173 3
2174 3
2175 2
2176 2
2177 3
2178 0
2179 2
2180 4
2181 4
2182 4
2183 4
2184 4
2185 4
2186 4
2187 4
2188 3
2189 0
2190 6
2191 6
2192 4
2193 3
2194 3
2195 3
2196 6
2197 6
2198 3
2199 3
2200 3
2201 3
2202 3
2203 3
2204 3
2205 3
2206 0
2207 5
2208 0
2209 1
2210 3
2211 5
2212 3
2213 0
2214 0
2215 2
2216 3
2217 3
2218 0
2219 5
2220 2
2221 2
2222 2
2223 3
2224 3
2225 3
2226 3
2227 3
2228 1
2229 2
2230 2
2231 4
2232 4
2233 4
2234 4
2235 4
2236 4
2237 3
2238 3
2239 3
2240 3
2241 3
2242 3
2243 3
2244 3
2245 3
2246 1
2247 2
2248 5
2249 3
2250 3
2251 4
2252 4
2253 4
2254 3
2255 3
2256 3
2257 3
2258 3
2259 3
2260 3
2261 3
2262 2
2263 2
2264 2
2265 3
2266 6
2267 0
2268 0
2269 1
2270 3
2271 5
2272 2
2273 3
2274 3
2275 2
2276 3
2277 3
2278 3
2279 3
2280 3
2281 3
2282 3
2283 3
2284 0
2285 3
2286 3
2287 1
2288 2
2289 2
2290 5
2291 4
2292 3
2293 3
2294 3
2295 5
2296 3
2297 2
2298 2
2299 2
2300 2
2301 6
2302 3
2303 3
2304 3
2305 3
2306 3
2307 0
2308 3
2309 3
2310 3
2311 3
2312 2
2313 2
2314 3
2315 2
2316 2
2317 4
2318 2
2319 2
2320 2
2321 2
2322 4
2323 6
2324 1
2325 3
2326 3
2327 5
2328 4
2329 4
2330 0
2331 3
2332 2
2333 5
2334 3
2335 4
2336 3
2337 0
2338 3
2339 4
2340 4
2341 6
2342 2
2343 3
2344 2
2345 2
2346 2
2347 2
2348 2
2349 2
2350 2
2351 4
2352 6
2353 5
2354 5
2355 4
2356 4
2357 4
2358 3
2359 4
2360 4
2361 4
2362 4
2363 3
2364 3
2365 4
2366 4
2367 4
2368 6
2369 3
2370 0
2371 0
2372 2
2373 2
2374 2
2375 2
2376 2
2377 3
2378 2
2379 2
2380 2
2381 2
2382 2
2383 2
2384 2
2385 0
2386 3
2387 2
2388 2
2389 2
2390 2
2391 2
2392 2
2393 2
2394 2
2395 2
2396 2
2397 2
2398 2
2399 2
2400 2
2401 3
2402 3
2403 4
2404 3
2405 3
2406 4
2407 4
2408 4
2409 4
2410 4
2411 4
2412 4
2413 4
2414 4
2415 4
2416 4
2417 4
2418 4
2419 4
2420 4
2421 4
2422 4
2423 4
2424 4
2425 4
2426 4
2427 4
2428 4
2429 4
2430 4
2431 4
2432 4
2433 3
2434 3
2435 4
2436 4
2437 4
2438 4
2439 4
2440 4
2441 4
2442 4
2443 4
2444 4
2445 4
2446 2
2447 2
2448 2
2449 2
2450 2
2451 2
2452 5
2453 3
2454 3
2455 3
2456 3
2457 3
2458 3
2459 4
2460 4
2461 3
2462 3
2463 3
2464 3
2465 3
2466 3
2467 3
2468 3
2469 0
2470 0
2471 0
2472 0
2473 0
2474 3
2475 3
2476 3
2477 3
2478 3
2479 3
2480 3
2481 3
2482 3
2483 3
2484 3
