0 3
1 4
2 3
3 4
4 1
5 3
6 1
7 3
8 3
9 1
10 3
11 0
12 2
13 1
14 3
15 4
16 3
17 4
18 2
19 4
20 2
21 0
22 0
23 1
24 3
25 1
26 3
27 3
28 2
29 3
30 3
31 1
32 1
33 1
34 1
35 1
36 1
37 1
38 1
39 4
40 2
41 2
42 4
43 4
44 4
45 4
46 4
47 4
48 4
49 4
50 3
51 3
52 3
53 3
54 3
55 3
56 2
57 3
58 3
59 4
60 3
61 3
62 3
63 4
64 3
65 3
66 3
67 3
68 4
69 3
70 3
71 3
72 3
73 3
74 3
75 3
76 3
77 3
78 4
79 2
80 2
81 3
82 3
83 3
84 3
85 3
86 2
87 3
88 4
89 3
90 3
91 4
92 2
93 2
94 3
95 3
96 3
97 3
98 3
99 3
100 3
101 3
102 4
103 4
104 3
105 3
106 3
107 3
108 3
109 3
110 2
111 3
112 3
113 3
114 1
115 3
116 3
117 3
118 3
119 1
120 3
121 1
122 1
123 3
124 3
125 1
126 1
127 1
128 1
129 4
130 1
131 1
132 3
133 4
134 3
135 1
136 4
137 1
138 1
139 1
140 1
141 1
142 1
143 1
144 4
145 4
146 4
147 3
148 4
149 3
150 3
151 0
152 0
153 3
154 0
155 3
156 1
157 3
158 0
159 1
160 0
161 3
162 0
163 4
164 1
165 1
166 0
167 0
168 0
169 0
170 0
171 3
172 1
173 0
174 3
175 2
176 0
177 0
178 3
179 2
180 2
181 1
182 3
