0 12
1 12
2 5
3 5
4 5
5 1
6 1
7 29
8 29
9 29
10 20
11 29
12 29
13 2
14 17
15 30
16 39
17 12
18 12
19 29
20 20
21 20
22 20
23 24
24 24
25 24
26 24
27 24
28 24
29 24
30 24
31 24
32 24
33 24
34 24
35 24
36 24
37 24
38 24
39 24
40 24
41 16
42 39
43 29
44 29
45 30
46 30
47 25
48 25
49 37
50 36
51 16
52 18
53 17
54 6
55 6
56 5
57 5
58 5
59 5
60 18
61 18
62 37
63 5
64 1
65 17
66 21
67 28
68 28
69 28
70 36
71 36
72 20
73 12
74 12
75 25
76 25
77 14
78 14
79 14
80 9
81 28
82 37
83 37
84 36
85 12
86 37
87 39
88 4
89 4
90 21
91 28
92 20
93 17
94 16
95 17
96 4
97 31
98 31
99 31
100 31
101 31
102 27
103 18
104 18
105 39
106 27
107 37
108 21
109 3
110 21
111 21
112 21
113 25
114 25
115 26
116 26
117 19
118 2
119 25
120 12
121 37
122 13
123 26
124 31
125 31
126 6
127 19
128 16
129 17
130 13
131 8
132 8
133 17
134 15
135 26
136 26
137 5
138 5
139 30
140 30
141 29
142 37
143 21
144 10
145 38
146 28
147 7
148 13
149 13
150 18
151 25
152 36
153 3
154 38
155 38
156 13
157 13
158 32
159 32
160 37
161 29
162 36
163 0
164 30
165 26
166 37
167 17
168 17
169 26
170 26
171 25
172 17
173 27
174 33
175 33
176 17
177 12
178 13
179 13
180 13
181 18
182 18
183 17
184 31
185 10
186 28
187 28
188 28
189 28
190 13
191 5
192 5
193 5
194 5
195 16
196 17
197 17
198 17
199 17
200 17
201 17
202 17
203 16
204 16
205 17
206 17
207 32
208 32
209 6
210 39
211 6
212 29
213 13
214 12
215 30
216 36
217 12
218 12
219 12
220 12
221 12
222 12
223 12
224 12
225 12
226 12
227 12
228 25
229 7
230 13
231 17
232 32
233 32
234 32
235 32
236 32
237 32
238 32
239 32
240 32
241 32
242 32
243 32
244 25
245 29
246 29
247 12
248 29
249 18
250 26
251 4
252 34
253 10
254 19
255 17
256 13
257 21
258 20
259 20
260 25
261 29
262 29
263 29
264 29
265 22
266 30
267 17
268 8
269 30
270 30
271 30
272 17
273 17
274 13
275 7
276 17
277 37
278 37
279 13
280 6
281 5
282 28
283 36
284 13
285 17
286 17
287 17
288 29
289 17
290 18
291 18
292 12
293 28
294 28
295 5
296 27
297 2
298 4
299 4
300 4
301 5
302 20
303 12
304 12
305 12
306 12
307 12
308 12
309 12
310 12
311 12
312 12
313 12
314 25
315 32
316 18
317 18
318 30
319 31
320 29
321 20
322 20
323 20
324 21
325 21
326 26
327 22
328 29
329 25
330 30
331 30
332 26
333 26
334 26
335 26
336 15
337 12
338 13
339 13
340 13
341 13
342 13
343 13
344 13
345 13
346 13
347 13
348 13
349 13
350 13
351 31
352 31
353 3
354 21
355 21
356 29
357 29
358 29
359 25
360 28
361 29
362 38
363 36
364 29
365 25
366 37
367 25
368 18
369 4
370 25
371 31
372 37
373 37
374 29
375 21
376 18
377 18
378 18
379 18
380 18
381 18
382 18
383 18
384 18
385 18
386 18
387 18
388 18
389 18
390 18
391 18
392 18
393 18
394 18
395 18
396 18
397 18
398 18
399 17
400 20
401 17
402 13
403 17
404 31
405 27
406 29
407 29
408 3
409 8
410 5
411 17
412 12
413 12
414 20
415 25
416 28
417 17
418 2
419 29
420 38
421 25
422 39
423 17
424 17
425 23
426 30
427 30
428 29
429 36
430 36
431 36
432 39
433 19
434 26
435 26
436 26
437 26
438 17
439 29
440 25
441 25
442 25
443 14
444 30
445 30
446 30
447 12
448 17
449 29
450 29
451 19
452 3
453 6
454 17
455 17
456 12
457 39
458 30
459 35
460 35
461 17
462 7
463 29
464 28
465 12
466 6
467 23
468 34
469 19
470 28
471 28
472 21
473 28
474 21
475 21
476 12
477 28
478 6
479 15
480 14
481 5
482 17
483 25
484 17
485 29
486 29
487 19
488 19
489 10
490 17
491 37
492 7
493 29
494 14
495 29
496 29
497 29
498 29
499 29
500 29
501 29
502 29
503 29
504 34
505 28
506 28
507 29
508 13
509 7
510 38
511 17
512 12
513 12
514 21
515 38
516 5
517 15
518 17
519 17
520 20
521 29
522 17
523 25
524 1
525 1
526 29
527 29
528 14
529 5
530 38
531 17
532 20
533 28
534 19
535 20
536 14
537 28
538 7
539 17
540 17
541 17
542 24
543 38
544 25
545 19
546 28
547 28
548 28
549 6
550 15
551 15
552 29
553 17
554 14
555 29
556 3
557 34
558 39
559 17
560 32
561 29
562 29
563 17
564 17
565 29
566 29
567 5
568 17
569 29
570 17
571 13
572 17
573 3
574 3
575 30
576 14
577 28
578 15
579 17
580 5
581 5
582 24
583 7
584 24
585 7
586 30
587 16
588 37
589 17
590 28
591 7
592 7
593 15
594 32
595 17
596 37
597 29
598 12
599 6
600 12
601 2
602 5
603 39
604 29
605 26
606 19
607 17
608 36
609 19
610 0
611 38
612 19
613 30
614 31
615 19
616 13
617 5
618 17
619 2
620 5
621 17
622 28
623 18
624 12
625 5
626 5
627 27
628 32
629 31
630 7
631 19
632 36
633 1
634 29
635 12
636 2
637 21
638 36
639 32
640 17
641 13
642 30
643 32
644 29
645 31
646 28
647 17
648 33
649 29
650 28
651 13
652 9
653 29
654 7
655 17
656 29
657 30
658 2
659 28
660 9
661 13
662 13
663 13
664 5
665 19
666 31
667 17
668 17
669 28
670 13
671 37
672 17
673 12
674 7
675 12
676 29
677 29
678 6
679 7
680 35
681 17
682 17
683 29
684 31
685 31
686 28
687 13
688 28
689 17
690 28
691 0
692 5
693 18
694 6
695 29
696 24
697 24
698 20
699 4
700 26
701 25
702 34
703 17
704 6
705 29
706 7
707 20
708 12
709 30
710 8
711 6
712 29
713 4
714 18
715 7
716 12
717 19
718 19
719 28
720 12
721 7
722 17
723 18
724 4
725 16
726 37
727 25
728 29
729 5
730 22
731 25
732 11
733 17
734 34
735 30
736 18
737 5
738 12
739 29
740 15
741 41
742 31
743 3
744 31
745 27
746 5
747 12
748 16
749 20
750 28
751 28
752 28
753 13
754 19
755 7
756 8
757 24
758 7
759 39
760 0
761 17
762 17
763 17
764 0
765 19
766 7
767 30
768 25
769 30
770 12
771 28
772 28
773 17
774 17
775 5
776 29
777 29
778 27
779 4
780 8
781 6
782 2
783 14
784 5
785 25
786 33
787 17
788 13
789 5
790 5
791 26
792 17
793 28
794 30
795 16
796 0
797 17
798 29
799 13
800 20
801 5
802 29
803 27
804 17
805 29
806 34
807 5
808 29
809 19
810 17
811 17
812 19
813 30
814 13
815 17
816 31
817 17
818 17
819 17
820 5
821 12
822 25
823 18
824 14
825 5
826 17
827 3
828 13
829 12
830 18
831 30
832 7
833 28
834 29
835 13
836 20
837 33
838 26
839 6
840 16
841 15
842 5
843 8
844 5
845 6
846 6
847 18
848 18
849 40
850 13
851 12
852 28
853 17
854 34
855 35
856 28
857 24
858 32
859 5
860 20
861 5
862 26
863 5
864 20
865 33
866 20
867 33
868 27
869 20
870 27
871 27
872 29
873 20
874 25
875 27
876 25
877 6
878 5
879 26
880 5
881 17
882 13
883 12
884 12
885 7
886 13
887 16
888 17
889 17
890 28
891 29
892 29
893 26
894 24
895 12
896 16
897 16
898 25
899 7
900 5
901 29
902 4
903 25
904 20
905 32
906 32
907 5
908 30
909 32
910 32
911 37
912 9
913 30
914 38
915 31
916 17
917 31
918 17
919 19
920 17
921 11
922 19
923 18
924 7
925 20
926 7
927 18
928 19
929 6
930 37
931 29
932 28
933 24
934 38
935 16
936 29
937 29
938 28
939 17
940 19
941 17
942 20
943 32
944 24
945 17
946 9
947 29
948 28
949 28
950 16
951 33
952 28
953 29
954 16
955 20
956 25
957 32
958 26
959 7
960 23
961 25
962 5
963 25
964 38
965 18
966 6
967 6
968 6
969 21
970 5
971 33
972 17
973 5
974 5
975 19
976 29
977 24
978 39
979 29
980 28
981 17
982 5
983 12
984 19
985 6
