0 9
1 9
2 8
3 6
4 5
5 9
6 4
7 4
8 5
9 5
10 9
11 9
12 5
13 5
14 1
15 1
16 8
17 8
18 4
19 4
20 3
21 3
22 11
23 11
24 1
25 8
26 0
27 11
28 7
29 1
30 4
31 2
32 4
33 5
34 0
35 7
36 6
37 1
38 2
39 2
40 9
41 9
42 9
43 9
44 7
45 8
46 3
47 1
48 7
49 10
50 10
51 9
52 8
53 8
54 5
55 4
56 11
57 11
58 4
59 5
60 0
61 4
62 3
63 3
64 10
65 10
66 1
67 7
68 7
69 11
70 0
71 5
72 11
73 11
74 2
75 10
76 10
77 0
78 2
79 4
80 10
81 9
82 0
83 0
84 0
85 5
86 3
87 10
88 11
89 8
90 0
91 3
92 3
93 9
94 9
95 11
96 7
97 6
98 7
99 4
100 2
101 3
102 7
103 0
104 7
105 10
106 2
107 6
108 10
109 5
110 10
111 6
112 2
113 4
114 10
