0 1
1 1
2 1
3 1
4 1
5 1
6 0
7 0
8 0
9 2
10 1
11 1
12 1
13 0
14 0
15 0
16 0
17 0
18 0
19 0
20 0
21 0
22 0
23 2
24 1
25 0
26 2
27 1
28 1
29 1
30 1
31 0
32 0
33 1
34 1
35 1
36 0
37 2
38 2
39 1
40 0
41 0
42 0
43 1
44 0
45 2
46 1
47 1
48 1
49 1
50 1
51 0
52 1
53 1
54 0
55 1
56 0
57 0
58 0
59 0
60 1
61 1
62 0
63 2
64 1
65 1
66 1
67 1
68 0
69 0
70 0
71 0
72 0
73 1
74 0
75 0
76 0
77 2
78 0
79 1
80 0
81 0
82 0
83 2
84 0
85 0
86 1
87 1
88 0
89 2
90 0
91 0
92 0
93 1
94 1
95 2
96 0
97 2
98 1
99 1
100 0
101 1
102 1
103 0
104 2
