0 1
1 1
2 1
3 1
4 1
5 1
6 1
7 1
8 1
9 1
10 1
11 1
12 1
13 1
14 1
15 1
16 1
17 0
18 0
19 1
20 1
21 1
22 1
23 1
24 1
25 1
26 0
27 0
28 0
29 0
30 0
31 1
32 0
33 0
34 0
35 0
36 0
37 0
38 0
39 0
40 0
41 0
42 0
43 0
44 0
45 0
46 0
47 0
48 0
49 0
50 0
51 0
52 0
53 0
54 0
55 0
56 0
57 0
58 0
59 0
60 0
61 0
62 0
63 0
64 0
65 0
66 0
67 0
68 1
69 0
70 0
71 0
72 0
73 0
74 0
75 0
76 0
77 0
78 1
79 0
80 0
81 0
82 0
83 1
84 0
85 1
86 0
87 0
88 0
89 0
90 0
91 0
92 0
93 0
94 0
95 0
96 0
97 0
98 0
99 0
100 0
101 0
102 0
103 0
104 0
105 0
106 1
107 1
108 0
109 0
110 0
111 0
112 0
113 0
114 0
115 0
116 0
117 0
118 0
119 0
120 0
121 0
122 1
123 1
124 1
125 1
126 1
127 1
128 1
129 1
130 1
131 1
132 1
133 1
134 1
135 1
136 1
137 1
138 1
139 1
140 1
141 1
142 1
143 1
144 1
145 1
146 1
147 1
148 1
149 1
150 1
151 1
152 1
153 1
154 1
155 1
156 1
157 1
158 1
159 1
160 1
161 1
162 1
163 1
164 1
165 1
166 1
167 1
168 1
169 1
170 1
171 1
172 1
173 1
174 1
175 1
176 1
177 1
178 1
179 1
180 1
181 1
182 1
183 1
184 1
185 0
186 1
187 1
188 1
189 1
190 0
191 1
192 1
193 1
194 1
195 1
196 1
197 1
198 1
199 1
200 1
201 1
202 1
203 1
204 1
205 1
206 1
207 1
208 1
209 1
210 1
211 1
212 1
213 1
214 1
215 1
216 1
217 1
218 1
219 1
220 1
221 1
222 1
223 1
224 1
225 1
226 1
227 1
228 0
229 1
230 1
231 1
232 1
233 1
234 1
235 1
236 1
237 1
238 1
239 1
240 1
241 1
242 1
243 0
244 1
245 0
246 1
247 1
248 0
249 0
250 0
251 0
252 0
253 0
254 0
255 0
256 0
257 0
258 0
259 0
260 0
261 0
262 0
263 1
264 0
265 0
266 0
267 0
268 0
269 0
270 0
271 0
272 0
273 0
274 0
275 0
276 0
277 0
278 0
279 0
280 0
281 0
282 0
283 0
284 0
285 0
286 0
287 0
288 0
289 0
290 0
291 0
292 0
293 0
294 0
295 0
296 1
297 0
298 0
299 0
300 0
301 0
302 0
303 0
304 0
305 0
306 0
307 0
308 0
309 0
310 0
311 0
312 1
313 0
314 0
315 0
316 0
317 0
318 0
319 0
320 0
321 0
322 0
323 0
324 0
325 1
326 1
327 1
328 1
329 1
330 1
331 1
332 1
333 1
334 1
335 1
336 1
337 1
338 1
339 1
340 1
341 1
342 0
343 1
344 1
345 1
346 1
347 1
348 1
349 1
350 1
351 1
352 1
353 1
354 0
355 1
356 1
357 1
358 1
359 1
360 0
361 1
362 1
363 1
364 1
365 1
366 1
367 1
368 1
369 1
370 1
371 1
372 1
373 1
374 1
375 1
376 0
377 0
378 0
379 0
380 0
381 0
382 0
383 0
384 0
385 0
386 0
387 0
388 0
389 0
390 0
391 0
392 0
393 1
394 0
395 0
396 0
397 0
398 0
399 0
400 0
401 0
402 0
403 0
404 0
405 0
406 0
407 0
408 0
409 0
410 0
411 0
412 0
413 0
414 0
415 0
416 0
417 0
418 0
419 0
420 0
421 0
422 0
423 0
424 0
425 0
426 0
427 0
428 0
429 0
430 0
431 0
432 0
433 0
434 0
435 0
436 0
437 0
438 0
439 0
440 0
441 0
442 0
443 0
444 0
445 0
446 0
447 0
448 0
449 0
450 0
451 0
452 0
453 0
454 0
455 0
456 0
457 1
458 1
459 0
460 1
461 1
462 1
463 1
464 0
465 0
466 0
467 0
468 0
469 0
470 0
471 0
472 0
473 0
474 0
475 1
476 0
477 0
478 0
479 0
480 0
481 0
482 0
483 0
484 0
485 0
486 0
487 0
488 1
489 0
490 0
491 0
492 0
493 0
494 0
495 0
496 0
497 0
498 0
499 0
500 0
501 0
502 0
503 0
504 0
505 0
506 0
507 0
508 0
509 0
510 0
511 0
512 0
513 0
514 0
515 0
516 0
517 0
518 0
519 0
520 0
521 0
522 0
523 0
524 1
525 1
526 1
527 1
528 1
529 1
530 1
531 1
532 1
533 1
534 1
535 1
536 0
537 1
538 1
539 1
540 1
541 1
542 1
543 1
544 1
545 1
546 1
547 1
548 1
549 1
550 1
551 1
552 1
553 1
554 1
555 1
556 1
557 1
558 1
559 1
560 0
561 1
562 1
563 0
564 1
565 1
566 0
567 1
568 1
569 1
570 1
571 1
572 1
573 1
574 1
575 1
576 1
577 1
578 1
579 1
580 1
581 1
582 1
583 1
584 1
585 1
586 1
587 1
588 1
589 1
590 1
591 1
592 0
593 0
594 0
595 0
596 0
597 0
598 0
599 0
600 0
601 0
602 0
603 0
604 1
605 0
606 0
607 0
608 0
609 1
610 1
611 0
612 0
613 0
614 0
615 0
616 0
617 0
618 0
619 0
620 0
621 0
622 0
623 0
624 0
625 0
626 0
627 1
628 1
629 1
630 1
631 1
632 1
633 1
634 1
635 0
636 0
637 0
638 0
639 0
640 0
641 0
642 0
643 0
644 0
645 0
646 0
647 0
648 0
649 0
650 0
651 0
652 0
653 0
654 0
655 0
656 0
657 0
658 0
659 0
660 0
661 0
662 0
663 0
664 0
665 0
666 0
667 0
668 0
669 0
670 0
671 0
672 0
673 0
674 0
675 0
676 0
677 0
678 0
679 0
680 0
681 0
682 0
683 0
684 0
685 0
686 0
687 0
688 0
689 0
690 0
691 0
692 0
693 0
694 0
695 0
696 0
697 0
698 0
699 0
700 0
701 0
702 0
703 0
704 0
705 0
706 0
707 0
708 0
709 0
710 0
711 0
712 0
713 0
714 0
715 0
716 0
717 0
718 0
719 0
720 0
721 0
722 0
723 0
724 0
725 0
726 0
727 0
728 0
729 0
730 0
731 0
732 0
733 0
734 0
735 0
736 0
737 0
738 0
739 0
740 1
741 0
742 1
743 1
744 1
745 1
746 1
747 1
748 1
749 1
750 1
751 1
752 1
753 1
754 1
755 1
756 1
757 1
758 1
759 1
760 1
761 1
762 1
763 1
764 0
765 1
766 1
767 1
768 1
769 1
770 1
771 1
772 1
773 1
774 0
775 1
776 1
777 1
778 1
779 0
780 0
781 0
782 0
783 1
784 1
785 0
786 0
787 0
788 0
789 1
790 0
791 0
792 0
793 1
794 1
795 1
796 1
797 0
798 0
799 0
800 0
801 1
802 1
803 1
804 1
805 0
806 1
807 1
808 1
809 1
810 0
811 0
812 0
813 0
814 0
815 0
816 0
817 0
818 0
819 1
820 1
821 0
822 1
823 1
824 1
825 1
826 0
827 0
828 0
829 1
830 1
831 1
832 1
833 1
834 0
835 1
836 0
837 1
838 0
839 1
840 0
841 1
842 0
843 1
844 1
845 1
846 0
847 1
848 1
849 1
850 1
851 1
852 1
853 1
854 1
855 1
856 1
857 1
858 1
859 0
860 1
861 1
862 1
863 1
864 1
865 1
866 0
867 0
868 0
869 0
870 1
871 1
872 0
873 0
874 0
875 1
876 1
877 1
878 1
879 1
880 1
881 0
882 1
883 1
884 0
885 0
886 0
887 0
888 0
889 0
890 1
891 1
892 1
893 0
894 0
895 0
896 0
897 0
898 1
899 1
900 1
901 1
902 1
903 1
904 1
905 1
906 1
907 1
908 1
909 1
910 1
911 1
912 1
913 1
914 1
915 1
916 1
917 1
918 1
919 1
920 1
921 0
922 1
923 1
924 1
925 0
926 0
927 0
928 1
929 0
930 0
931 1
932 1
933 0
934 1
935 0
936 0
937 0
938 0
939 1
940 0
941 0
942 0
943 1
944 1
945 1
946 1
947 1
948 0
949 0
950 0
951 0
952 0
953 0
954 0
955 0
956 1
957 0
958 0
959 0
960 1
961 0
962 1
963 1
964 0
965 1
966 1
967 1
968 0
969 0
970 0
971 1
972 1
973 1
974 1
975 0
976 1
977 1
978 0
979 0
980 0
981 1
982 1
983 1
984 1
985 1
986 1
987 1
988 1
989 1
990 1
991 1
992 0
993 0
994 1
995 1
996 1
997 1
998 1
999 0
1000 1
1001 1
1002 1
1003 0
1004 0
1005 0
1006 0
1007 1
1008 1
1009 0
1010 0
1011 1
1012 1
1013 1
1014 0
1015 0
1016 0
1017 0
1018 0
1019 0
1020 0
1021 0
1022 1
1023 0
1024 1
1025 1
1026 1
1027 1
1028 1
1029 1
1030 1
1031 1
1032 1
1033 1
1034 1
1035 1
1036 1
1037 0
1038 0
1039 0
1040 1
1041 1
1042 0
1043 0
1044 1
1045 0
1046 1
1047 1
1048 0
1049 0
1050 1
1051 1
1052 0
1053 0
1054 1
1055 1
1056 1
1057 0
1058 0
1059 1
1060 1
1061 0
1062 0
1063 1
1064 1
1065 1
1066 1
1067 1
1068 0
1069 0
1070 1
1071 1
1072 1
1073 1
1074 0
1075 0
1076 1
1077 0
1078 1
1079 1
1080 1
1081 0
1082 1
1083 1
1084 1
1085 1
1086 1
1087 1
1088 1
1089 1
1090 1
1091 1
1092 1
1093 0
1094 0
1095 1
1096 1
1097 0
1098 1
1099 1
1100 1
1101 0
1102 0
1103 0
1104 1
1105 1
1106 1
1107 1
1108 0
1109 0
1110 1
1111 1
1112 0
1113 1
1114 0
1115 0
1116 0
1117 0
1118 0
1119 1
1120 1
1121 1
1122 1
1123 0
1124 0
1125 1
1126 1
1127 0
1128 1
1129 1
1130 1
1131 1
1132 0
1133 1
1134 1
1135 0
1136 0
1137 0
1138 1
1139 1
1140 1
1141 1
1142 0
1143 0
1144 0
1145 0
1146 1
1147 0
1148 0
1149 1
1150 1
1151 1
1152 1
1153 1
1154 0
1155 1
1156 1
1157 1
1158 1
1159 0
1160 0
1161 0
1162 1
1163 0
1164 0
1165 1
1166 1
1167 1
1168 1
1169 1
1170 0
1171 1
1172 1
1173 1
1174 1
1175 0
1176 0
1177 0
1178 0
1179 0
1180 1
1181 1
1182 0
1183 0
1184 0
1185 1
1186 0
1187 0
1188 1
1189 0
1190 1
1191 0
1192 0
1193 1
1194 1
1195 0
1196 1
1197 1
1198 1
1199 1
1200 1
1201 1
1202 0
1203 1
1204 1
1205 1
1206 1
1207 0
1208 1
1209 1
1210 1
1211 0
1212 1
1213 1
1214 1
1215 1
1216 1
1217 1
1218 1
1219 1
1220 0
1221 0
