0 1
1 0
2 3
3 1
4 3
5 3
6 4
7 0
8 3
9 3
10 3
11 3
12 3
13 3
14 3
15 3
16 3
17 0
18 4
19 3
20 3
21 3
22 3
23 3
24 4
25 3
26 4
27 3
28 3
29 3
30 3
31 3
32 3
33 3
34 3
35 3
36 3
37 3
38 3
39 3
40 3
41 3
42 3
43 4
44 0
45 3
46 4
47 3
48 4
49 3
50 3
51 3
52 3
53 3
54 0
55 4
56 3
57 3
58 4
59 3
60 0
61 4
62 3
63 3
64 3
65 3
66 3
67 0
68 3
69 0
70 3
71 4
72 1
73 3
74 3
75 4
76 3
77 3
78 3
79 0
80 3
81 3
82 3
83 3
84 3
85 3
86 3
87 3
88 3
89 3
90 3
91 3
92 4
93 0
94 4
95 3
96 3
97 3
98 3
99 3
100 3
101 3
102 3
103 3
104 0
105 0
106 4
107 4
108 1
109 4
110 3
111 0
112 3
113 3
114 3
115 4
116 1
117 1
118 3
119 4
120 1
121 3
122 4
123 3
124 1
125 4
126 0
127 1
128 3
129 1
130 3
131 1
132 1
133 1
134 1
135 3
136 1
137 4
138 4
139 0
140 4
141 4
142 1
143 1
144 1
145 3
146 3
147 3
148 4
149 0
150 3
151 3
152 3
153 3
154 1
155 1
156 1
157 3
158 0
159 1
160 1
161 3
162 1
163 1
164 3
165 4
166 1
167 4
168 0
169 3
170 3
171 2
172 3
173 1
174 1
175 4
176 1
177 1
178 3
179 1
180 4
181 1
182 1
