0 0
1 3
2 3
3 3
4 1
5 1
6 1
7 1
8 1
9 1
10 1
11 1
12 3
13 3
14 3
15 2
16 3
17 3
18 2
19 4
20 3
21 3
22 3
23 3
24 3
25 3
26 3
27 3
28 3
29 3
30 3
31 3
32 3
33 3
34 3
35 3
36 3
37 3
38 2
39 3
40 3
41 3
42 4
43 4
44 3
45 3
46 3
47 3
48 3
49 3
50 3
51 4
52 3
53 3
54 3
55 4
56 3
57 3
58 3
59 3
60 2
61 3
62 3
63 3
64 3
65 4
66 2
67 4
68 3
69 3
70 3
71 3
72 3
73 3
74 3
75 3
76 3
77 3
78 3
79 3
80 3
81 3
82 3
83 3
84 3
85 3
86 3
87 3
88 0
89 3
90 3
91 3
92 3
93 3
94 3
95 3
96 3
97 3
98 3
99 3
100 3
101 3
102 3
103 3
104 3
105 3
106 3
107 2
108 3
109 4
110 3
111 3
112 3
113 3
114 2
115 2
116 0
117 0
118 0
119 0
120 0
121 0
122 0
123 0
124 1
125 1
126 1
127 1
128 1
129 1
130 2
131 1
132 1
133 1
134 1
135 1
136 1
137 1
138 2
139 1
140 1
141 1
142 2
143 1
144 1
145 1
146 1
147 3
148 1
149 1
150 1
151 1
152 3
153 1
154 1
155 1
156 1
157 1
158 1
159 1
160 1
161 1
162 1
163 1
164 1
165 1
166 1
167 1
168 1
169 1
170 3
171 3
172 0
173 1
174 1
175 2
176 0
177 3
178 0
179 0
180 2
181 0
182 1
183 0
184 2
185 2
186 1
187 3
188 3
189 2
190 1
191 3
192 3
193 1
194 2
195 3
196 1
197 0
198 2
199 1
200 2
201 2
202 3
203 3
204 3
205 2
206 1
207 2
208 2
209 2
210 2
211 0
212 4
213 0
214 1
