0 16
1 4
2 0
3 16
4 16
5 16
6 16
7 16
8 16
9 16
10 11
11 7
12 7
13 15
14 0
15 16
16 16
17 16
18 16
19 16
20 16
21 16
22 16
23 16
24 16
25 16
26 16
27 16
28 1
29 1
30 1
31 1
32 1
33 1
34 1
35 1
36 1
37 1
38 1
39 16
40 16
41 11
42 7
43 11
44 11
45 0
46 16
47 4
48 7
49 7
50 1
51 11
52 16
53 16
54 16
55 16
56 16
57 16
58 16
59 16
60 16
61 16
62 16
63 16
64 16
65 16
66 4
67 4
68 4
69 4
70 7
71 16
72 16
73 16
74 7
75 11
76 4
77 4
78 4
79 4
80 4
81 4
82 4
83 4
84 7
85 11
86 10
87 1
88 1
89 1
90 1
91 1
92 1
93 1
94 1
95 1
96 1
97 1
98 1
99 1
100 1
101 1
102 1
103 1
104 1
105 1
106 1
107 1
108 1
109 4
110 4
111 16
112 16
113 1
114 16
115 11
116 11
117 11
118 11
119 11
120 11
121 11
122 11
123 4
124 4
125 16
126 16
127 7
128 7
129 7
130 7
131 7
132 4
133 11
134 7
135 7
136 7
137 7
138 7
139 7
140 7
141 7
142 7
143 11
144 7
145 4
146 4
147 7
148 7
149 7
150 7
151 7
152 7
153 7
154 7
155 7
156 7
157 4
158 4
159 4
160 7
161 7
162 11
163 7
164 7
165 7
166 7
167 7
168 7
169 7
170 7
171 7
172 7
173 7
174 7
175 7
176 7
177 7
178 7
179 7
180 7
181 0
182 7
183 7
184 7
185 7
186 16
187 7
188 7
189 4
190 7
191 7
192 7
193 7
194 7
195 7
196 7
197 7
198 7
199 7
200 7
201 7
202 7
203 7
204 7
205 7
206 7
207 7
208 7
209 11
210 9
211 7
212 7
213 7
214 7
215 7
216 7
217 7
218 7
219 7
220 7
221 7
222 7
223 7
224 7
225 7
226 7
227 7
228 9
229 9
230 9
231 7
232 7
233 7
234 7
235 7
236 7
237 7
238 7
239 4
240 7
241 7
242 7
243 7
244 7
245 7
246 7
247 7
248 7
249 7
250 7
251 7
252 7
253 7
254 7
255 7
256 7
257 7
258 7
259 7
260 7
261 7
262 7
263 7
264 3
265 4
266 4
267 6
268 7
269 7
270 7
271 7
272 7
273 7
274 9
275 9
276 9
277 1
278 4
279 7
280 7
281 8
282 8
283 4
284 4
285 4
286 4
287 4
288 4
289 4
290 4
291 4
292 4
293 4
294 4
295 4
296 7
297 11
298 7
299 7
300 7
301 7
302 7
303 7
304 7
305 11
306 7
307 7
308 7
309 7
310 7
311 7
312 7
313 7
314 7
315 7
316 7
317 7
318 7
319 7
320 7
321 7
322 7
323 7
324 7
325 7
326 7
327 7
328 7
329 7
330 4
331 4
332 4
333 4
334 4
335 4
336 4
337 4
338 7
339 7
340 7
341 9
342 8
343 7
344 7
345 7
346 7
347 7
348 7
349 2
350 7
351 7
352 7
353 4
354 4
355 4
356 4
357 4
358 4
359 4
360 4
361 11
362 4
363 7
364 4
365 7
366 3
367 3
368 4
369 4
370 11
371 11
372 11
373 11
374 7
375 7
376 11
377 7
378 7
379 7
380 7
381 7
382 7
383 2
384 2
385 7
386 7
387 7
388 11
389 9
390 11
391 12
392 9
393 13
394 7
395 7
396 11
397 7
398 7
399 7
400 7
401 14
402 4
403 4
404 6
405 6
406 6
407 6
408 6
409 6
410 11
411 9
412 9
413 9
414 14
415 7
416 7
417 7
418 7
419 7
420 7
421 11
422 2
423 4
424 7
425 7
426 1
427 11
428 9
429 16
430 5
431 14
432 1
433 7
434 4
435 4
436 4
437 13
438 4
439 7
440 7
441 4
442 6
443 6
444 7
445 8
446 7
447 7
448 7
449 14
450 14
451 7
452 7
453 7
454 14
455 7
456 8
457 4
458 7
459 7
460 14
461 11
462 4
463 4
464 9
465 10
466 7
467 7
468 7
469 7
470 13
471 7
472 2
473 7
474 7
475 11
476 11
477 11
478 4
479 4
480 4
481 7
482 4
483 11
484 10
485 7
486 7
487 12
488 7
489 11
490 4
491 9
492 7
493 7
494 15
495 10
496 7
497 4
498 4
499 4
500 7
501 15
502 1
503 8
504 16
505 10
506 10
507 10
508 10
509 10
510 5
511 4
512 4
513 4
514 9
515 7
516 7
517 0
518 7
519 4
520 7
521 11
522 0
523 7
524 4
525 4
526 8
527 14
528 4
529 15
530 10
531 7
532 7
533 7
534 11
535 4
536 9
537 5
538 1
539 7
540 7
541 10
542 11
543 16
544 10
545 10
546 10
547 10
548 4
549 14
550 14
551 10
552 8
553 7
554 9
555 8
556 3
557 9
558 8
559 1
560 9
561 8
562 11
563 8
564 8
565 8
566 9
567 8
568 8
569 7
570 4
571 4
572 4
573 6
574 7
575 1
576 16
577 8
578 8
579 2
580 4
581 8
582 12
583 8
584 4
585 0
586 8
587 8
588 11
589 2
590 1
591 8
592 11
593 5
594 5
595 8
596 4
597 8
598 4
599 8
600 11
601 1
602 8
603 5
604 8
605 7
606 5
607 8
608 7
609 7
610 7
611 10
612 10
613 10
614 7
615 7
616 3
617 3
618 0
619 9
620 7
621 7
622 11
623 7
624 9
625 9
626 7
627 7
628 7
629 7
630 7
631 7
632 7
633 2
634 9
635 14
636 14
637 14
638 9
639 9
640 9
641 9
642 9
643 9
644 9
645 9
646 9
647 9
648 9
649 9
650 9
651 9
652 9
653 9
654 9
655 9
656 9
657 9
658 9
659 9
660 14
661 7
662 14
663 14
664 14
665 9
666 9
667 9
668 9
669 9
670 9
671 9
672 9
673 9
674 5
675 14
676 6
677 7
678 7
679 11
680 9
681 9
682 4
683 14
684 4
685 9
686 9
687 1
688 2
689 2
690 14
691 11
692 11
693 11
694 12
695 13
696 4
697 11
698 11
699 14
700 9
701 5
702 1
703 8
704 14
705 4
706 4
707 11
708 14
709 0
710 14
711 14
712 14
713 14
714 14
715 14
716 14
717 14
718 14
719 14
720 14
721 11
722 0
723 10
724 14
725 14
726 14
727 14
728 14
729 2
730 4
731 11
732 11
733 11
734 11
735 0
736 0
737 8
738 14
739 14
740 14
741 14
742 14
743 14
744 14
745 14
746 14
747 14
748 14
749 14
750 14
751 14
752 14
753 14
754 14
755 14
756 11
757 14
758 14
759 14
760 11
761 11
762 10
763 11
764 7
765 11
766 11
767 11
768 11
769 11
770 11
771 11
772 11
773 11
774 4
775 4
776 4
777 4
778 4
779 4
780 4
781 4
782 4
783 4
784 4
785 4
786 4
787 11
788 11
789 14
790 2
791 11
792 11
793 11
794 11
795 1
796 11
797 4
798 11
799 11
800 11
801 11
802 12
803 1
804 11
805 11
806 11
807 11
808 11
809 11
810 11
811 11
812 11
813 11
814 11
815 8
816 4
817 4
818 4
819 4
820 4
821 7
822 11
823 14
824 11
825 11
826 16
827 11
828 16
829 11
830 8
831 11
832 4
833 4
834 4
835 4
836 7
837 4
838 11
839 7
840 7
841 1
842 11
843 11
844 7
845 11
846 8
847 16
848 11
849 1
850 7
851 7
852 7
853 7
854 7
855 11
856 4
857 7
858 11
859 11
860 0
861 11
862 7
863 7
864 0
865 16
866 11
867 11
868 11
869 11
870 11
871 13
872 11
873 2
874 1
875 2
876 4
877 2
878 2
879 2
880 2
881 2
882 2
883 14
884 3
885 1
886 11
887 8
888 10
889 2
890 2
891 2
892 7
893 0
894 8
895 2
896 10
897 11
898 8
899 4
900 10
901 2
902 11
903 2
904 14
905 2
906 11
907 7
908 11
909 1
910 1
911 10
912 2
913 2
914 11
915 4
916 15
917 7
918 7
919 0
920 8
921 8
922 8
923 8
924 10
925 10
926 5
927 1
928 1
929 1
930 1
931 1
932 1
933 1
934 1
935 16
936 16
937 10
938 2
939 4
940 14
941 11
942 11
943 11
944 11
945 11
946 11
947 11
948 11
949 11
950 4
951 14
952 4
953 6
954 6
955 9
956 13
957 14
958 14
959 14
960 11
961 11
962 11
963 4
964 6
965 14
966 14
967 14
968 8
969 13
970 14
971 10
972 5
973 5
974 5
975 1
976 1
977 4
978 4
979 5
980 3
981 11
982 3
983 16
984 8
985 7
986 7
987 13
988 10
989 10
990 7
991 4
992 4
993 4
994 4
995 4
996 10
997 10
998 4
999 6
1000 7
1001 7
1002 7
1003 7
1004 7
1005 7
1006 7
1007 7
1008 7
1009 7
1010 9
1011 0
1012 1
1013 4
1014 1
1015 11
1016 4
1017 6
1018 7
1019 7
1020 7
1021 11
1022 11
1023 11
1024 11
1025 11
1026 11
1027 11
1028 11
1029 0
1030 0
1031 0
1032 0
1033 0
1034 0
1035 0
1036 0
1037 0
1038 0
1039 0
1040 0
1041 0
1042 0
1043 8
1044 16
1045 10
1046 10
1047 10
1048 10
1049 10
1050 10
1051 10
1052 10
1053 10
1054 10
1055 10
1056 10
1057 10
1058 10
1059 10
1060 10
1061 10
1062 10
1063 10
1064 10
1065 10
1066 10
1067 10
1068 10
1069 10
1070 10
1071 10
1072 10
1073 10
1074 10
1075 10
1076 10
1077 10
1078 10
1079 10
1080 10
1081 10
1082 10
1083 10
1084 10
1085 10
1086 10
1087 10
1088 10
1089 10
1090 10
1091 10
1092 5
1093 5
1094 5
1095 14
1096 14
1097 14
1098 14
1099 14
1100 14
1101 14
1102 1
1103 1
1104 1
1105 1
1106 1
1107 1
1108 1
1109 1
1110 1
1111 1
1112 1
1113 1
1114 1
1115 1
1116 1
1117 1
1118 1
1119 1
1120 1
1121 1
1122 1
1123 1
1124 1
1125 1
1126 1
1127 1
1128 1
1129 1
1130 1
1131 1
1132 1
1133 1
1134 1
1135 4
1136 16
1137 4
1138 7
1139 7
1140 7
1141 7
1142 11
1143 10
1144 4
1145 6
1146 15
1147 11
1148 11
1149 1
1150 4
1151 11
1152 16
1153 5
1154 4
1155 1
1156 1
1157 1
1158 1
1159 1
1160 16
1161 4
1162 4
1163 4
1164 7
1165 11
1166 11
1167 11
1168 11
1169 0
1170 0
1171 0
1172 0
1173 0
1174 0
1175 0
1176 0
1177 8
1178 8
1179 8
1180 16
1181 10
1182 10
1183 10
1184 10
1185 10
1186 10
1187 1
1188 1
1189 1
1190 1
1191 1
1192 1
1193 1
1194 1
1195 7
1196 8
1197 13
1198 16
1199 4
1200 4
1201 4
1202 4
1203 7
1204 7
1205 7
1206 7
1207 7
1208 11
1209 11
1210 11
1211 0
1212 0
1213 0
1214 0
1215 0
1216 0
1217 0
1218 0
1219 0
1220 0
1221 16
1222 16
1223 10
1224 10
1225 10
1226 10
1227 5
1228 4
1229 7
1230 1
1231 16
1232 4
1233 1
1234 11
1235 11
1236 8
1237 10
1238 10
1239 10
1240 0
1241 8
1242 5
1243 4
1244 10
1245 4
1246 4
1247 4
1248 11
1249 0
1250 5
1251 4
1252 1
1253 4
1254 4
1255 7
1256 16
1257 4
1258 6
1259 11
1260 0
1261 10
1262 4
1263 4
1264 4
1265 7
1266 7
1267 11
1268 8
1269 4
1270 4
1271 11
1272 11
1273 13
1274 6
1275 7
1276 7
1277 7
1278 7
1279 7
1280 7
1281 7
1282 7
1283 7
1284 7
1285 11
1286 11
1287 11
1288 9
1289 9
1290 9
1291 11
1292 11
1293 11
1294 11
1295 0
1296 0
1297 0
1298 0
1299 9
1300 9
1301 9
1302 9
1303 8
1304 8
1305 8
1306 13
1307 16
1308 16
1309 16
1310 16
1311 16
1312 10
1313 10
1314 10
1315 10
1316 10
1317 10
1318 10
1319 10
1320 10
1321 5
1322 5
1323 14
1324 14
1325 14
1326 1
1327 1
1328 1
1329 1
1330 1
1331 1
1332 1
1333 1
1334 1
1335 1
1336 1
1337 1
1338 1
1339 1
1340 1
1341 1
1342 1
1343 1
1344 1
1345 1
1346 1
1347 1
1348 1
1349 4
1350 4
1351 16
1352 16
1353 6
1354 8
1355 11
1356 0
1357 10
1358 10
1359 5
1360 4
1361 4
1362 6
1363 7
1364 10
1365 1
1366 4
1367 4
1368 6
1369 7
1370 7
1371 0
1372 8
1373 1
1374 4
1375 1
1376 7
1377 7
1378 7
1379 7
1380 11
1381 11
1382 13
1383 13
1384 4
1385 4
1386 10
1387 5
1388 4
1389 4
1390 5
1391 4
1392 8
1393 4
1394 7
1395 11
1396 11
1397 0
1398 9
1399 10
1400 10
1401 10
1402 10
1403 10
1404 10
1405 10
1406 5
1407 1
1408 4
1409 13
1410 5
1411 6
1412 6
1413 11
1414 0
1415 0
1416 0
1417 12
1418 5
1419 7
1420 7
1421 7
1422 1
1423 1
1424 0
1425 8
1426 8
1427 8
1428 10
1429 10
1430 5
1431 1
1432 8
1433 4
1434 11
1435 11
1436 4
1437 7
1438 8
1439 4
1440 11
1441 13
1442 4
1443 10
1444 4
1445 6
1446 6
1447 7
1448 7
1449 7
1450 7
1451 7
1452 7
1453 7
1454 7
1455 1
1456 11
1457 11
1458 11
1459 11
1460 11
1461 11
1462 11
1463 11
1464 11
1465 11
1466 11
1467 11
1468 11
1469 11
1470 11
1471 11
1472 11
1473 11
1474 11
1475 11
1476 11
1477 11
1478 11
1479 11
1480 11
1481 11
1482 11
1483 11
1484 11
1485 11
1486 11
1487 11
1488 11
1489 11
1490 11
1491 11
1492 11
1493 11
1494 11
1495 0
1496 0
1497 0
1498 0
1499 0
1500 0
1501 0
1502 0
1503 0
1504 0
1505 0
1506 0
1507 0
1508 0
1509 0
1510 0
1511 0
1512 0
1513 0
1514 0
1515 0
1516 0
1517 0
1518 8
1519 8
1520 8
1521 13
1522 13
1523 13
1524 13
1525 16
1526 10
1527 10
1528 10
1529 10
1530 5
1531 5
1532 5
1533 5
1534 5
1535 5
1536 5
1537 14
1538 14
1539 14
1540 14
1541 1
1542 1
1543 1
1544 1
1545 1
1546 1
1547 1
1548 4
1549 4
1550 4
1551 6
1552 6
1553 7
1554 11
1555 8
1556 8
1557 10
1558 5
1559 5
1560 1
1561 7
1562 7
1563 7
1564 9
1565 1
1566 16
1567 10
1568 4
1569 5
1570 4
1571 7
1572 0
1573 0
1574 0
1575 14
1576 1
1577 1
1578 1
1579 1
1580 0
1581 0
1582 0
1583 8
1584 4
1585 11
1586 11
1587 0
1588 0
1589 13
1590 16
1591 10
1592 4
1593 4
1594 11
1595 11
1596 7
1597 1
1598 11
1599 16
1600 10
1601 1
1602 1
1603 6
1604 6
1605 6
1606 6
1607 6
1608 6
1609 6
1610 6
1611 6
1612 6
1613 6
1614 6
1615 6
1616 6
1617 6
1618 6
1619 6
1620 6
1621 6
1622 7
1623 1
1624 11
1625 9
1626 9
1627 8
1628 8
1629 16
1630 10
1631 10
1632 10
1633 10
1634 10
1635 5
1636 5
1637 1
1638 1
1639 1
1640 1
1641 4
1642 1
1643 4
1644 7
1645 5
1646 4
1647 10
1648 10
1649 6
1650 6
1651 6
1652 6
1653 6
1654 6
1655 6
1656 6
1657 6
1658 6
1659 6
1660 6
1661 6
1662 6
1663 6
1664 6
1665 6
1666 6
1667 6
1668 6
1669 6
1670 6
1671 6
1672 6
1673 6
1674 6
1675 6
1676 6
1677 6
1678 6
1679 6
1680 6
1681 6
1682 6
1683 6
1684 6
1685 6
1686 6
1687 6
1688 6
1689 6
1690 6
1691 6
1692 6
1693 6
1694 6
1695 6
1696 6
1697 6
1698 6
1699 6
1700 6
1701 6
1702 6
1703 6
1704 6
1705 11
1706 11
1707 0
1708 0
1709 10
1710 10
1711 6
1712 6
1713 11
1714 14
1715 6
1716 6
1717 9
1718 9
1719 9
1720 7
1721 7
1722 9
1723 12
1724 7
1725 1
1726 7
1727 10
1728 7
1729 7
1730 7
1731 11
1732 7
1733 7
1734 9
1735 7
1736 1
1737 11
1738 11
1739 0
1740 8
1741 13
1742 10
1743 10
1744 10
1745 4
1746 7
1747 7
1748 7
1749 8
1750 7
1751 1
1752 7
1753 1
1754 8
1755 5
1756 7
1757 7
1758 1
1759 11
1760 11
1761 11
1762 9
1763 13
1764 16
1765 14
1766 14
1767 1
1768 7
1769 7
1770 7
1771 7
1772 7
1773 7
1774 7
1775 11
1776 11
1777 0
1778 5
1779 1
1780 1
1781 1
1782 1
1783 4
1784 4
1785 7
1786 7
1787 7
1788 7
1789 7
1790 1
1791 13
1792 13
1793 13
1794 16
1795 16
1796 16
1797 1
1798 1
1799 1
1800 1
1801 1
1802 4
1803 4
1804 7
1805 7
1806 1
1807 7
1808 7
1809 8
1810 1
1811 1
1812 1
1813 7
1814 1
1815 7
1816 11
1817 7
1818 1
1819 11
1820 11
1821 7
1822 15
1823 1
1824 8
1825 8
1826 8
1827 1
1828 7
1829 7
1830 16
1831 7
1832 7
1833 7
1834 11
1835 14
1836 7
1837 11
1838 5
1839 11
1840 7
1841 7
1842 11
1843 0
1844 7
1845 8
1846 1
1847 1
1848 7
1849 7
1850 4
1851 13
1852 10
1853 11
1854 11
1855 4
1856 5
1857 7
1858 0
1859 15
1860 0
1861 1
1862 1
1863 13
1864 1
1865 11
1866 11
1867 1
1868 1
1869 8
1870 4
1871 5
1872 1
1873 11
1874 1
1875 1
1876 16
1877 1
1878 11
1879 11
1880 11
1881 11
1882 11
1883 11
1884 11
1885 11
1886 11
1887 11
1888 11
1889 11
1890 11
1891 13
1892 13
1893 13
1894 13
1895 16
1896 16
1897 16
1898 16
1899 16
1900 16
1901 16
1902 16
1903 16
1904 16
1905 11
1906 11
1907 11
1908 11
1909 11
1910 11
1911 11
1912 11
1913 11
1914 11
1915 11
1916 11
1917 11
1918 11
1919 11
1920 14
1921 14
1922 11
1923 11
1924 9
1925 16
1926 5
1927 11
1928 1
1929 11
1930 0
1931 0
1932 11
1933 0
1934 0
1935 9
1936 11
1937 11
1938 11
1939 11
1940 11
1941 0
1942 11
1943 11
1944 5
1945 11
1946 11
1947 4
1948 11
1949 13
1950 11
1951 11
1952 11
1953 13
1954 11
1955 11
1956 14
1957 11
1958 11
1959 11
1960 11
1961 14
1962 14
1963 14
1964 0
1965 9
1966 9
1967 12
1968 4
1969 9
1970 11
1971 11
1972 11
1973 11
1974 11
1975 11
1976 11
1977 11
1978 11
1979 11
1980 11
1981 11
1982 11
1983 11
1984 11
1985 11
1986 11
1987 11
1988 11
1989 11
1990 11
1991 11
1992 0
1993 11
1994 11
1995 11
1996 11
1997 14
1998 11
1999 10
2000 11
2001 11
2002 11
2003 11
2004 11
2005 11
2006 0
2007 0
2008 11
2009 11
2010 0
2011 11
2012 11
2013 11
2014 11
2015 11
2016 14
2017 11
2018 10
2019 0
2020 11
2021 11
2022 11
2023 11
2024 11
2025 11
2026 10
2027 14
2028 8
2029 11
2030 14
2031 0
2032 14
2033 1
2034 11
2035 14
2036 14
2037 11
2038 11
2039 10
2040 0
2041 0
2042 0
2043 0
2044 0
2045 0
2046 0
2047 0
2048 0
2049 0
2050 0
2051 0
2052 0
2053 0
2054 0
2055 0
2056 0
2057 0
2058 0
2059 0
2060 0
2061 0
2062 0
2063 0
2064 0
2065 0
2066 0
2067 0
2068 0
2069 0
2070 0
2071 0
2072 0
2073 0
2074 0
2075 0
2076 0
2077 0
2078 0
2079 0
2080 0
2081 0
2082 0
2083 0
2084 0
2085 0
2086 0
2087 16
2088 0
2089 0
2090 0
2091 0
2092 0
2093 0
2094 0
2095 10
2096 14
2097 14
2098 0
2099 0
2100 0
2101 0
2102 0
2103 0
2104 0
2105 10
2106 0
2107 14
2108 0
2109 12
2110 12
2111 14
2112 9
2113 9
2114 9
2115 9
2116 9
2117 9
2118 9
2119 9
2120 14
2121 9
2122 9
2123 9
2124 9
2125 9
2126 9
2127 9
2128 14
2129 14
2130 4
2131 9
2132 14
2133 13
2134 9
2135 1
2136 8
2137 8
2138 8
2139 8
2140 8
2141 8
2142 8
2143 1
2144 1
2145 1
2146 16
2147 5
2148 1
2149 4
2150 13
2151 13
2152 13
2153 13
2154 13
2155 13
2156 13
2157 13
2158 13
2159 13
2160 13
2161 13
2162 13
2163 13
2164 4
2165 13
2166 13
2167 13
2168 1
2169 1
2170 13
2171 14
2172 16
2173 16
2174 16
2175 16
2176 1
2177 1
2178 16
2179 1
2180 4
2181 4
2182 1
2183 1
2184 10
2185 4
2186 5
2187 5
2188 5
2189 1
2190 10
2191 4
2192 16
2193 16
2194 4
2195 10
2196 10
2197 10
2198 10
2199 10
2200 10
2201 10
2202 10
2203 10
2204 10
2205 10
2206 10
2207 10
2208 10
2209 10
2210 10
2211 10
2212 10
2213 10
2214 10
2215 10
2216 10
2217 10
2218 10
2219 10
2220 10
2221 10
2222 10
2223 10
2224 10
2225 10
2226 10
2227 10
2228 10
2229 10
2230 10
2231 10
2232 10
2233 10
2234 10
2235 10
2236 10
2237 10
2238 10
2239 10
2240 5
2241 10
2242 10
2243 10
2244 10
2245 10
2246 10
2247 10
2248 5
2249 5
2250 5
2251 5
2252 5
2253 5
2254 5
2255 5
2256 5
2257 5
2258 5
2259 5
2260 5
2261 5
2262 5
2263 1
2264 14
2265 14
2266 14
2267 14
2268 14
2269 14
2270 14
2271 14
2272 14
2273 14
2274 14
2275 14
2276 14
2277 14
2278 14
2279 14
2280 14
2281 14
2282 14
2283 14
2284 14
2285 14
2286 14
2287 14
2288 14
2289 14
2290 14
2291 14
2292 14
2293 14
2294 14
2295 14
2296 14
2297 14
2298 14
2299 14
2300 14
2301 14
2302 14
2303 1
2304 1
2305 1
2306 1
2307 1
2308 1
2309 1
2310 1
2311 1
2312 1
2313 1
2314 1
2315 1
2316 1
2317 1
2318 1
2319 1
2320 1
2321 1
2322 1
2323 1
2324 1
2325 1
2326 1
2327 1
2328 1
2329 1
2330 1
2331 1
2332 1
2333 1
2334 1
2335 1
2336 1
2337 1
2338 1
2339 1
2340 1
2341 1
2342 1
2343 1
2344 1
2345 1
2346 1
2347 1
2348 1
2349 4
2350 4
2351 4
2352 4
2353 4
2354 16
2355 16
2356 16
