0 0
1 1
2 0
3 4
4 3
5 1
6 3
7 1
8 0
9 0
10 3
11 3
12 3
13 4
14 3
15 3
16 3
17 4
18 3
19 3
20 1
21 1
22 3
23 2
24 3
25 3
26 3
27 4
28 3
29 3
30 1
31 1
32 1
33 1
34 1
35 2
36 3
37 1
38 1
39 4
40 4
41 2
42 3
43 3
44 3
45 3
46 3
47 3
48 3
49 3
50 3
51 3
52 4
53 3
54 3
55 3
56 3
57 3
58 3
59 3
60 3
61 3
62 4
63 3
64 4
65 1
66 3
67 3
68 2
69 3
70 3
71 1
72 3
73 3
74 3
75 3
76 0
77 3
78 3
79 3
80 3
81 0
82 3
83 4
84 3
85 3
86 3
87 4
88 3
89 3
90 3
91 3
92 2
93 3
94 3
95 1
96 4
97 3
98 3
99 3
100 4
101 3
102 4
103 4
104 3
105 3
106 1
107 4
108 3
109 1
110 3
111 3
112 3
113 3
114 3
115 1
116 3
117 3
118 2
119 0
120 3
121 3
122 4
123 4
124 0
125 3
126 0
127 0
128 3
129 2
130 0
131 0
132 4
133 2
134 3
135 0
136 1
137 1
138 1
139 4
140 1
141 1
142 4
143 1
144 3
145 3
146 1
147 3
148 1
149 1
150 1
151 1
152 3
153 1
154 4
155 1
156 1
157 1
158 1
159 3
160 1
161 1
162 1
163 1
164 1
165 1
166 3
167 1
168 1
169 1
170 1
171 1
172 1
173 1
174 3
175 1
176 1
177 1
178 1
179 1
180 1
181 1
182 3
183 3
184 3
185 1
186 0
187 3
188 3
189 3
190 1
191 1
192 1
193 0
194 0
195 0
196 0
197 2
198 3
199 1
200 4
201 4
202 3
203 1
204 1
205 3
206 3
207 3
208 1
209 3
210 3
211 3
212 3
213 4
214 1
215 1
216 3
217 3
218 3
219 3
220 3
221 1
222 3
223 0
224 3
225 4
226 4
227 1
228 0
229 3
230 0
231 3
232 4
233 4
234 3
235 3
236 1
237 4
238 1
239 3
240 1
241 3
242 3
243 3
244 3
245 3
246 2
247 4
248 3
249 1
250 4
